2.750000000000000000e+01 -8.000000000000003553e+00 1.234683945163475460e+00
2.850000000000000000e+01 1.144000000000000483e+02 7.856207736560947286e-01
2.950000000000000000e+01 9.985185185185183343e+01 5.513669258927763606e-01
3.050000000000000000e+01 1.182272727272727337e+02 6.318907332445468095e-01
3.150000000000000000e+01 1.127658193618171651e+02 1.976239319555414542e-01
3.250000000000000000e+01 8.172814814814815065e+01 2.613674184208510387e-01
3.350000000000000000e+01 6.900014515894903866e+01 2.118662734309355866e-01
3.450000000000000000e+01 7.160368073239698106e+01 7.923327258011368668e-02
3.550000000000000000e+01 9.882525887573964951e+01 5.465775960097120356e-02
3.650000000000000000e+01 9.290704224297806491e+01 6.307616533071706832e-02
3.750000000000000000e+01 9.315473938745280691e+01 1.287616470987631434e-01
3.850000000000000000e+01 9.948702839143552978e+01 1.024133728841910423e-01
3.950000000000000000e+01 1.001496103639050688e+02 1.404504936859463371e-01
4.050000000000000000e+01 1.012014779941078331e+02 1.420410841325185636e-01
4.150000000000000000e+01 1.010433340304068395e+02 7.394696914981527258e-02
4.250000000000000000e+01 9.668140258353299998e+01 9.620292603553808053e-02
4.350000000000000000e+01 9.804841688825960944e+01 7.924089542641407635e-02
4.450000000000000000e+01 1.003477523955611304e+02 9.413787308716371760e-02
4.550000000000000000e+01 9.995977231839087551e+01 9.769251613498454445e-02
4.650000000000000000e+01 1.010021729532934813e+02 8.513202704777118879e-02
4.750000000000000000e+01 1.022510727003023163e+02 9.490351412556101429e-02
4.850000000000000000e+01 1.053914891811758991e+02 8.214169377040753117e-02
4.950000000000000000e+01 1.064075721144196933e+02 6.651399597162922783e-02
5.050000000000000000e+01 1.076540471205369016e+02 7.705100238539887292e-02
5.150000000000000000e+01 1.097982458937848520e+02 8.617436818841030244e-02
5.250000000000000000e+01 1.097177891927602218e+02 8.309895931350708143e-02
5.350000000000000000e+01 1.102133128196928453e+02 8.504634758151452534e-02
5.450000000000000000e+01 1.130275372412538815e+02 9.064490111691356211e-02
5.550000000000000000e+01 1.137366396357042930e+02 8.889987254592511545e-02
5.650000000000000000e+01 1.143890224669440414e+02 8.288011129813455113e-02
5.750000000000000000e+01 1.167756781672080564e+02 8.217892581428976051e-02
5.850000000000000000e+01 1.183513172364264960e+02 8.825124014682485252e-02
5.950000000000000000e+01 1.199099495321581514e+02 9.261834631087963177e-02
6.050000000000000000e+01 1.221044182353139149e+02 9.433381721855622903e-02
6.150000000000000000e+01 1.244975981741844748e+02 8.932205111475061132e-02
6.250000000000000000e+01 1.264971213253526514e+02 8.363454526522332011e-02
6.350000000000000000e+01 1.277186501621024917e+02 8.490153380921905413e-02
6.450000000000000000e+01 1.288892455533779753e+02 8.137213477141870543e-02
6.550000000000000000e+01 1.308237830352930473e+02 8.547739615749078146e-02
6.650000000000000000e+01 1.328755156032726745e+02 8.773931973775102311e-02
6.750000000000000000e+01 1.345939253748217652e+02 8.693786117884269582e-02
6.850000000000000000e+01 1.362419479337767712e+02 9.048621128408668168e-02
6.950000000000000000e+01 1.375908264935876844e+02 9.136298916439315743e-02
7.050000000000000000e+01 1.396620692016418275e+02 8.857639326537507241e-02
7.150000000000000000e+01 1.421967139713943595e+02 8.957258541478364811e-02
7.250000000000000000e+01 1.439020293859031483e+02 9.493230616387393628e-02
7.350000000000000000e+01 1.457504037496175329e+02 9.322278939197126135e-02
7.450000000000000000e+01 1.477280050999461309e+02 8.763894491089284366e-02
7.550000000000000000e+01 1.498565065957307070e+02 8.986648613894887561e-02
7.650000000000000000e+01 1.520093342885357401e+02 9.491743833721319468e-02
7.750000000000000000e+01 1.539864836114822708e+02 9.703477518033144789e-02
7.850000000000000000e+01 1.565225246175248799e+02 9.709040859642537047e-02
7.950000000000000000e+01 1.584347564521558525e+02 1.008669166305385667e-01
8.050000000000000000e+01 1.602756020296435508e+02 1.018790928404224583e-01
8.150000000000000000e+01 1.624882886582416006e+02 1.012783090789343698e-01
8.250000000000000000e+01 1.643690524804152631e+02 9.853537667235134911e-02
8.350000000000000000e+01 1.663922374749496953e+02 1.011394121127886792e-01
8.450000000000000000e+01 1.690576712422654282e+02 1.024710187669567174e-01
8.550000000000000000e+01 1.712665933653429136e+02 1.020026166110553356e-01
8.650000000000000000e+01 1.729768802161061672e+02 1.061159111074374134e-01
8.750000000000000000e+01 1.748672760264611270e+02 1.094439374414093030e-01
8.850000000000000000e+01 1.772990675517586681e+02 1.099437371134201896e-01
8.950000000000000000e+01 1.798175865423815480e+02 1.085059220563447391e-01
9.050000000000000000e+01 1.817334723785818937e+02 1.093023321454873742e-01
9.150000000000000000e+01 1.838890111775558012e+02 1.084632860316275677e-01
9.250000000000000000e+01 1.869417600124499756e+02 1.077379207291040836e-01
9.350000000000000000e+01 1.891970626989187849e+02 1.122010042263792418e-01
9.450000000000000000e+01 1.907411451077390154e+02 1.188243344995614376e-01
9.550000000000000000e+01 1.935062892137143251e+02 1.215078355257090681e-01
9.650000000000000000e+01 1.962865459784807172e+02 1.180099799572964375e-01
9.750000000000000000e+01 1.986771789752054076e+02 1.186443524548233264e-01
9.850000000000000000e+01 2.011185112931956667e+02 1.250979603120888073e-01
9.950000000000000000e+01 2.036615171917136990e+02 1.137767388756366210e-01
1.005000000000000000e+02 2.065905822510744940e+02 1.106212318169820102e-01
1.015000000000000000e+02 2.096136120419415079e+02 1.197073749544384225e-01
1.025000000000000000e+02 2.124053775671331721e+02 1.244868192799765960e-01
1.035000000000000000e+02 2.151143163575385984e+02 1.187898654951436567e-01
1.045000000000000000e+02 2.189459505255397573e+02 1.135078929091184463e-01
1.055000000000000000e+02 2.216173274692662574e+02 1.141779632474156786e-01
1.065000000000000000e+02 2.234133873341389176e+02 1.194663964169833531e-01
1.075000000000000000e+02 2.255113219958560364e+02 1.170695895988127788e-01
1.085000000000000000e+02 2.284493057872349766e+02 1.218207208994300378e-01
1.095000000000000000e+02 2.316615129023006432e+02 1.245615827060651826e-01
1.105000000000000000e+02 2.344089790386644836e+02 1.206515347624619872e-01
1.115000000000000000e+02 2.380807076276645660e+02 1.304760056344018704e-01
1.125000000000000000e+02 2.417037115035729187e+02 1.322077387418164052e-01
1.135000000000000000e+02 2.434403117626905839e+02 1.256172191907997393e-01
1.145000000000000000e+02 2.465140474791147369e+02 1.184663165655318873e-01
1.155000000000000000e+02 2.492557877539266542e+02 1.165338547200129582e-01
1.165000000000000000e+02 2.522321574832457713e+02 1.268704365468349693e-01
1.175000000000000000e+02 2.558614424144293196e+02 1.342807830608868935e-01
1.185000000000000000e+02 2.586753398719092729e+02 1.212756316004509616e-01
1.195000000000000000e+02 2.607470436326913159e+02 1.128688760299554061e-01
1.205000000000000000e+02 2.630771236383729956e+02 1.223481761962765257e-01
1.215000000000000000e+02 2.661542592975111461e+02 1.260882854800984554e-01
1.225000000000000000e+02 2.694035769379603380e+02 1.165618529442781354e-01
1.235000000000000000e+02 2.720408772705882257e+02 1.072218153127167534e-01
1.245000000000000000e+02 2.745071950568428178e+02 1.049178326143970635e-01
1.255000000000000000e+02 2.768097579818726786e+02 1.114877881148664956e-01
1.265000000000000000e+02 2.791088674156275147e+02 1.196769111163519528e-01
1.275000000000000000e+02 2.830367570730194871e+02 1.135164011487698466e-01
1.285000000000000000e+02 2.874855322113095326e+02 1.095828899871636730e-01
1.295000000000000000e+02 2.926406550972715763e+02 1.110423663900647617e-01
1.305000000000000000e+02 2.964082212461240147e+02 1.002059693928015194e-01
1.315000000000000000e+02 2.985061814852161888e+02 8.288801885059585151e-02
1.325000000000000000e+02 3.014813311680328525e+02 7.776490514779746399e-02
1.335000000000000000e+02 3.039930327994513277e+02 9.393428506576564918e-02
1.345000000000000000e+02 3.075544415227506079e+02 9.121589040421242134e-02
1.355000000000000000e+02 3.133954981817932435e+02 1.002032677046690301e-01
1.365000000000000000e+02 3.172291734105517094e+02 8.659263848722627277e-02
1.375000000000000000e+02 3.207969043965551350e+02 7.770536018164909964e-02
1.385000000000000000e+02 3.223461935050255533e+02 7.511793897520327445e-02
1.395000000000000000e+02 3.274649850794764916e+02 6.116833056487382819e-02
1.405000000000000000e+02 3.306002469109105846e+02 7.036622775133302699e-02
1.415000000000000000e+02 3.307685195219812613e+02 7.857405228708193301e-02
1.425000000000000000e+02 3.360745719313649715e+02 7.361532826314545752e-02
1.435000000000000000e+02 3.396532828998327318e+02 6.024693606700980142e-02
1.445000000000000000e+02 3.413729813961627997e+02 5.360904097672940932e-02
1.455000000000000000e+02 3.436049581065743723e+02 6.483588934404731219e-02
1.465000000000000000e+02 3.456264684650328149e+02 6.768578063425131908e-02
1.475000000000000000e+02 3.496495440391811371e+02 6.215262787810989231e-02
1.485000000000000000e+02 3.533161388067407529e+02 6.265758340341985588e-02
1.495000000000000000e+02 3.562520138887271628e+02 5.795562724834220358e-02
1.505000000000000000e+02 3.571065293700245320e+02 4.494673433704371446e-02
1.515000000000000000e+02 3.578203570815987860e+02 3.551965374279333204e-02
1.525000000000000000e+02 3.615673797461077470e+02 4.025155336907079023e-02
1.535000000000000000e+02 3.648813020885568221e+02 4.335456521737626745e-02
1.545000000000000000e+02 3.647457300386566885e+02 5.021252763422736493e-02
1.555000000000000000e+02 3.649929964515069969e+02 5.580463642517938944e-02
1.565000000000000000e+02 3.705885207829354044e+02 3.797021263721279960e-02
1.575000000000000000e+02 3.722195196000752730e+02 4.794324384750116991e-02
1.585000000000000000e+02 3.718464839603906285e+02 5.823534978251770911e-02
1.595000000000000000e+02 3.718840317207483963e+02 5.746981271141604619e-02
1.605000000000000000e+02 3.730989793370035272e+02 5.511132099589752253e-02
1.615000000000000000e+02 3.753647431051741705e+02 5.150024921319928256e-02
1.625000000000000000e+02 3.758732592271968542e+02 6.203119038799426860e-02
1.635000000000000000e+02 3.776331443852186567e+02 6.214609057779854617e-02
1.645000000000000000e+02 3.787070211484229958e+02 4.857267219349659798e-02
1.655000000000000000e+02 3.807309790563256797e+02 4.012834184154796119e-02
1.665000000000000000e+02 3.806639394220470081e+02 5.207664890094851340e-02
1.675000000000000000e+02 3.811184191306659841e+02 6.953544136282452381e-02
1.685000000000000000e+02 3.831894922153115886e+02 7.685379116399695953e-02
1.695000000000000000e+02 3.850773858659094913e+02 7.398029066817853050e-02
1.705000000000000000e+02 3.865859826075865158e+02 5.375792267305742889e-02
1.715000000000000000e+02 3.868447144058686149e+02 5.639309879196365005e-02
1.725000000000000000e+02 3.870197260896831040e+02 8.072025572854971132e-02
1.735000000000000000e+02 3.883307113356307809e+02 6.688635735617790012e-02
1.745000000000000000e+02 3.898011161088849121e+02 6.662307701053570008e-02
1.755000000000000000e+02 3.899770589113257984e+02 8.076452211406093262e-02
1.765000000000000000e+02 3.894932598866836884e+02 7.355198330203102652e-02
1.775000000000000000e+02 3.895050180153619408e+02 6.943023957766100707e-02
1.785000000000000000e+02 3.904407985482656045e+02 7.855089069002234303e-02
1.795000000000000000e+02 3.907541979737628139e+02 9.765862299194831564e-02
1.805000000000000000e+02 3.910053353369600586e+02 8.138683771732822814e-02
1.815000000000000000e+02 3.928908978551113478e+02 7.913777296555900287e-02
1.825000000000000000e+02 3.938125603832879733e+02 9.086418750154273694e-02
1.835000000000000000e+02 3.935976686438841057e+02 9.219996532266952483e-02
1.845000000000000000e+02 3.926976377981520727e+02 9.036865300018546987e-02
1.855000000000000000e+02 3.926480692293041557e+02 9.489012439306793167e-02
1.865000000000000000e+02 3.929044720380685476e+02 1.069011164083443904e-01
1.875000000000000000e+02 3.933756729210649610e+02 1.023923956978675248e-01
1.885000000000000000e+02 3.935918051943534692e+02 9.256015097081235488e-02
1.895000000000000000e+02 3.935837860272839634e+02 9.538377691574628781e-02
1.905000000000000000e+02 3.945194804256216798e+02 9.670226868601097814e-02
1.915000000000000000e+02 3.955397453074946270e+02 1.044609782193497705e-01
1.925000000000000000e+02 3.955599652860215656e+02 1.005724014351397216e-01
1.935000000000000000e+02 3.949983563539022384e+02 9.910168174655244189e-02
1.945000000000000000e+02 3.950995421633638216e+02 9.459793886201199598e-02
1.955000000000000000e+02 3.969779865760354483e+02 1.040772809506143315e-01
1.965000000000000000e+02 3.978530549515128882e+02 1.255018597953481418e-01
1.975000000000000000e+02 3.967716045496414949e+02 1.227495500830341479e-01
1.985000000000000000e+02 3.967065959837308355e+02 1.158668625614734243e-01
1.995000000000000000e+02 3.964367086487770280e+02 1.187740421715531153e-01
2.005000000000000000e+02 3.958205037765314387e+02 1.210157292082581493e-01
2.015000000000000000e+02 3.944832269502412032e+02 1.281179481391122310e-01
2.025000000000000000e+02 3.943422008050160912e+02 1.300614546786027503e-01
2.035000000000000000e+02 3.945465848803321478e+02 1.283095733053391807e-01
2.045000000000000000e+02 3.940194931742904032e+02 1.295763171166526562e-01
2.055000000000000000e+02 3.946845205238309973e+02 1.334814272724718365e-01
2.065000000000000000e+02 3.944616991072501833e+02 1.359929612979735580e-01
2.075000000000000000e+02 3.939283304880636365e+02 1.286676639251796705e-01
2.085000000000000000e+02 3.929967513100238534e+02 1.364222331552666090e-01
2.095000000000000000e+02 3.918897208476211063e+02 1.411172034749686721e-01
2.105000000000000000e+02 3.915052712136852620e+02 1.406921145134702178e-01
2.115000000000000000e+02 3.905160963358035247e+02 1.470151736454428926e-01
2.125000000000000000e+02 3.900189913596220208e+02 1.512564895823737265e-01
2.135000000000000000e+02 3.892072279903678691e+02 1.574401763881169147e-01
2.145000000000000000e+02 3.892149401679134826e+02 1.614462780045304302e-01
2.155000000000000000e+02 3.888632964051142267e+02 1.638862302870948695e-01
2.165000000000000000e+02 3.884955618873972298e+02 1.616808276083896712e-01
2.175000000000000000e+02 3.879470372592602416e+02 1.593165659891536134e-01
2.185000000000000000e+02 3.861639707115915598e+02 1.593472864010253842e-01
2.195000000000000000e+02 3.848877592078356997e+02 1.624097998195837278e-01
2.205000000000000000e+02 3.834393382793687124e+02 1.720636714655683353e-01
2.215000000000000000e+02 3.819674720346061463e+02 1.747836168168303006e-01
2.225000000000000000e+02 3.808975641961401948e+02 1.785489502228552738e-01
2.235000000000000000e+02 3.792814056314024356e+02 1.840184754677286483e-01
2.245000000000000000e+02 3.778103198175729176e+02 1.864684208896559281e-01
2.255000000000000000e+02 3.757942293902437427e+02 1.925075941274134173e-01
2.265000000000000000e+02 3.730622514360840114e+02 1.933004494668869866e-01
2.275000000000000000e+02 3.710241043317214462e+02 1.923493425498861153e-01
2.285000000000000000e+02 3.697207725520665917e+02 2.018058444440101462e-01
2.295000000000000000e+02 3.680048057967167097e+02 2.041568862159079123e-01
2.305000000000000000e+02 3.653494337831409666e+02 2.090335371824014188e-01
2.315000000000000000e+02 3.633369167954194836e+02 2.170963583548971843e-01
2.325000000000000000e+02 3.608767543737513961e+02 2.156848676297282719e-01
2.335000000000000000e+02 3.581309787170029040e+02 2.135468163578225220e-01
2.345000000000000000e+02 3.562436471849692339e+02 2.136153207100530138e-01
2.355000000000000000e+02 3.540732615368217466e+02 2.206483095490401058e-01
2.365000000000000000e+02 3.510126441775947228e+02 2.259066403972685988e-01
2.375000000000000000e+02 3.474614995558876558e+02 2.255568207679182480e-01
2.385000000000000000e+02 3.452243012430077442e+02 2.299482790840505775e-01
2.395000000000000000e+02 3.430718472135695265e+02 2.343313120901310276e-01
2.405000000000000000e+02 3.399241008745339627e+02 2.361510234274440956e-01
2.415000000000000000e+02 3.366154414223488516e+02 2.333876604878308836e-01
2.425000000000000000e+02 3.330987063930070917e+02 2.322485297595866249e-01
2.435000000000000000e+02 3.295811449338282273e+02 2.424090049296794835e-01
2.445000000000000000e+02 3.266148202271615446e+02 2.460102381863110144e-01
2.455000000000000000e+02 3.241761461741152743e+02 2.484331482935783486e-01
2.465000000000000000e+02 3.206898280594234052e+02 2.512656430276449804e-01
2.475000000000000000e+02 3.167434757481154861e+02 2.550424475806148950e-01
2.485000000000000000e+02 3.137955664227167176e+02 2.565489306757097188e-01
2.495000000000000000e+02 3.105865854210220505e+02 2.448030274095149561e-01
2.505000000000000000e+02 3.072746041922255813e+02 2.467248428083782530e-01
2.515000000000000000e+02 3.033931175783580443e+02 2.575057023096463671e-01
2.525000000000000000e+02 2.992909811111576914e+02 2.532914609740865020e-01
2.535000000000000000e+02 2.959882015745741342e+02 2.448242599031810740e-01
2.545000000000000000e+02 2.932631184099580537e+02 2.407184015087590612e-01
2.555000000000000000e+02 2.903560801614056004e+02 2.471937791921706151e-01
2.565000000000000000e+02 2.871291097932572711e+02 2.472074000921574977e-01
2.575000000000000000e+02 2.832141410150439924e+02 2.354988292176926068e-01
2.585000000000000000e+02 2.780438093973069726e+02 2.342895949304159287e-01
2.595000000000000000e+02 2.738817580897937205e+02 2.232974552104000643e-01
2.605000000000000000e+02 2.701249273158447295e+02 2.184991825846976654e-01
2.615000000000000000e+02 2.669231348484971704e+02 2.064197653277415334e-01
2.625000000000000000e+02 2.635919989793313789e+02 2.012446854717991618e-01
2.635000000000000000e+02 2.585428529361631718e+02 2.283191160253009999e-01
2.645000000000000000e+02 2.544078110192768634e+02 2.278929297918320107e-01
2.655000000000000000e+02 2.516501753482634172e+02 2.033498806221794852e-01
2.665000000000000000e+02 2.482233972547035137e+02 2.080975873390362718e-01
2.675000000000000000e+02 2.422806730256202457e+02 2.015304925413693160e-01
2.685000000000000000e+02 2.367263704143185805e+02 1.869017923343177234e-01
2.695000000000000000e+02 2.352439766176482863e+02 1.903761121379550225e-01
2.705000000000000000e+02 2.327826132379025239e+02 1.583476390076653806e-01
2.715000000000000000e+02 2.291187083070338701e+02 1.687206027126930685e-01
2.725000000000000000e+02 2.216939320717836495e+02 1.766302101287831605e-01
2.735000000000000000e+02 2.228136151223889385e+02 1.684914991190368250e-01
2.745000000000000000e+02 2.256764631526953622e+02 1.941077956056967424e-01
2.755000000000000000e+02 2.197847423166284671e+02 1.615373793317115281e-01
2.765000000000000000e+02 2.166217788056514735e+02 1.165370151505494833e-01
2.775000000000000000e+02 2.116973866639195592e+02 1.550782966520667938e-01
2.785000000000000000e+02 2.001947721403238631e+02 2.066430150562499068e-01
2.795000000000000000e+02 1.976968011695060170e+02 1.468448959751701977e-01
2.805000000000000000e+02 1.974727855357187991e+02 1.455258392257573197e-01
2.815000000000000000e+02 2.038867424625492788e+02 1.602744715659342178e-01
2.825000000000000000e+02 2.027284628476569992e+02 1.505236626227647589e-01
2.835000000000000000e+02 1.683216561632653452e+02 2.070385598244546821e-01
2.845000000000000000e+02 1.394702554405109538e+02 2.881634629406197926e-02
2.855000000000000000e+02 1.614404371851924225e+02 1.494393755611516106e-01
2.865000000000000000e+02 1.913883319477724854e+02 6.002050379765477839e-01
2.875000000000000000e+02 1.915246539792386784e+02 7.685567583226127208e-01
2.885000000000000000e+02 1.978300781249999716e+02 9.412915766982763444e-01
2.895000000000000000e+02 2.133200000000000216e+02 1.269636955983874493e+00
