14.8400000 10.0000000
15.3400000 36.0000000
15.8400000 124.0000000
16.3400000 294.0000000
16.8400000 648.0000000
17.3400000 1596.0000000
17.8400000 3056.0000000
18.3400000 5212.0000000
18.8400000 8216.0000000
19.3400000 12564.0000000
19.8400000 17586.0000000
20.3400000 21520.0000000
20.8400000 25706.0000000
21.3400000 28766.0000000
21.8400000 30742.0000000
22.3400000 31210.0000000
22.8400000 31474.0000000
23.3400000 30968.0000000
23.8400000 29508.0000000
24.3400000 28806.0000000
24.8400000 28766.0000000
25.3400000 28418.0000000
25.8400000 28700.0000000
26.3400000 27480.0000000
26.8400000 24314.0000000
27.3400000 19458.0000000
27.8400000 14164.0000000
28.3400000 9906.0000000
28.8400000 6636.0000000
29.3400000 4752.0000000
29.8400000 3586.0000000
30.3400000 2596.0000000
30.8400000 2160.0000000
31.3400000 1828.0000000
31.8400000 1690.0000000
32.3400000 1498.0000000
32.8400000 1436.0000000
33.3400000 1394.0000000
33.8400000 1430.0000000
34.3400000 1648.0000000
34.8400000 2002.0000000
35.3400000 2302.0000000
35.8400000 2846.0000000
36.3400000 4034.0000000
36.8400000 5396.0000000
37.3400000 7594.0000000
37.8400000 11022.0000000
38.3400000 15786.0000000
38.8400000 22374.0000000
39.3400000 29816.0000000
39.8400000 38378.0000000
40.3400000 48310.0000000
40.8400000 55814.0000000
41.3400000 62130.0000000
41.8400000 65804.0000000
42.3400000 69144.0000000
42.8400000 69604.0000000
43.3400000 70336.0000000
43.8400000 69984.0000000
44.3400000 71768.0000000
44.8400000 72762.0000000
45.3400000 74448.0000000
45.8400000 76556.0000000
46.3400000 77646.0000000
46.8400000 78092.0000000
47.3400000 75158.0000000
47.8400000 69344.0000000
48.3400000 62180.0000000
48.8400000 51898.0000000
49.3400000 40916.0000000
49.8400000 29918.0000000
50.3400000 20176.0000000
50.8400000 12670.0000000
51.3400000 7242.0000000
51.8400000 3930.0000000
52.3400000 1658.0000000
52.8400000 682.0000000
53.3400000 258.0000000
53.8400000 84.0000000
54.3400000 30.0000000
54.8400000 4.0000000
55.3400000 0.0000000
55.8400000 0.0000000
56.3400000 0.0000000
56.8400000 0.0000000
57.3400000 0.0000000
57.8400000 0.0000000
58.3400000 0.0000000
58.8400000 0.0000000
59.3400000 0.0000000
59.8400000 0.0000000
60.3400000 0.0000000
60.8400000 0.0000000
61.3400000 0.0000000
61.8400000 0.0000000
62.3400000 0.0000000
62.8400000 0.0000000
63.3400000 0.0000000
63.8400000 0.0000000
64.3400000 0.0000000
64.8400000 2.0000000
