65.0000 2.0000
52.0000 1964.0000
51.0000 7976.0000
51.5000 4444.0000
49.0000 43070.0000
50.5000 13878.0000
48.5000 53894.0000
48.0000 63650.0000
47.0000 76072.0000
47.5000 70258.0000
46.5000 78082.0000
45.5000 76178.0000
44.5000 72332.0000
43.5000 70142.0000
43.0000 70034.0000
44.0000 71376.0000
42.5000 69714.0000
46.0000 77614.0000
49.5000 31794.0000
45.0000 74392.0000
42.0000 68886.0000
41.0000 60938.0000
41.5000 65082.0000
40.5000 54628.0000
39.5000 36704.0000
40.0000 46566.0000
39.0000 28658.0000
38.5000 20946.0000
38.0000 14786.0000
36.5000 5226.0000
36.0000 3752.0000
34.5000 1920.0000
29.5000 3814.0000
29.0000 4958.0000
26.5000 24922.0000
27.0000 20506.0000
26.0000 27950.0000
25.5000 28650.0000
25.0000 28660.0000
23.0000 31076.0000
23.5000 29938.0000
22.5000 31284.0000
22.0000 31456.0000
21.5000 30354.0000
24.5000 28556.0000
21.0000 28300.0000
20.5000 25004.0000
27.5000 15092.0000
24.0000 28770.0000
20.0000 20970.0000
19.5000 16604.0000
28.0000 10484.0000
19.0000 11630.0000
17.5000 2792.0000
31.0000 1828.0000
28.5000 7208.0000
31.5000 1722.0000
34.0000 1574.0000
35.5000 2672.0000
37.5000 10316.0000
33.5000 1468.0000
50.0000 21866.0000
37.0000 7088.0000
52.5000 826.0000
32.0000 1526.0000
30.0000 2664.0000
18.5000 7670.0000
30.5000 2294.0000
32.5000 1490.0000
35.0000 2284.0000
33.0000 1334.0000
53.0000 272.0000
53.5000 104.0000
17.0000 1358.0000
18.0000 4724.0000
16.0000 266.0000
16.5000 542.0000
15.5000 96.0000
54.0000 36.0000
15.0000 28.0000
54.5000 6.0000
14.5000 8.0000
55.0000 2.0000
