14.59  2.00
14.69  1.00
14.79  0.00
14.89  1.00
14.99  1.00
15.09  1.00
15.20  2.00
15.30  5.00
15.40  5.00
15.50  5.00
15.60  4.00
15.70 15.00
15.80  5.00
15.90 19.00
16.00 24.00
16.10 21.00
16.20 22.00
16.30 30.00
16.41 39.00
16.51 37.00
16.61 41.00
16.71 52.00
16.81 71.00
16.91 88.00
17.01 90.00
17.11 120.00
17.21 153.00
17.31 156.00
17.41 178.00
17.52 216.00
17.62 249.00
17.72 268.00
17.82 342.00
17.92 366.00
18.02 422.00
18.12 425.00
18.22 454.00
18.32 525.00
18.42 630.00
18.52 677.00
18.63 679.00
18.73 745.00
18.83 891.00
18.93 962.00
19.03 966.00
19.13 1232.00
19.23 1181.00
19.33 1340.00
19.43 1369.00
19.53 1518.00
19.63 1572.00
19.73 1651.00
19.84 1885.00
19.94 1927.00
20.04 2027.00
20.14 2022.00
20.24 2269.00
20.34 2214.00
20.44 2297.00
20.54 2389.00
20.64 2426.00
20.74 2581.00
20.84 2635.00
20.95 2638.00
21.05 2679.00
21.15 2926.00
21.25 2820.00
21.35 2941.00
21.45 3240.00
21.55 2979.00
21.65 3043.00
21.75 3091.00
21.85 3065.00
21.95 3125.00
22.06 3212.00
22.16 3094.00
22.26 3138.00
22.36 3163.00
22.46 3041.00
22.56 3415.00
22.66 3099.00
22.76 3179.00
22.86 3197.00
22.96 3098.00
23.06 3148.00
23.16 3103.00
23.27 3057.00
23.37 3144.00
23.47 3101.00
23.57 2928.00
23.67 3302.00
23.77 2956.00
23.87 3001.00
23.97 2862.00
24.07 2855.00
24.17 2907.00
24.27 2943.00
24.38 2808.00
24.48 2887.00
24.58 2887.00
24.68 2833.00
24.78 2865.00
24.88 3133.00
24.98 2961.00
25.08 2745.00
25.18 2842.00
25.28 2893.00
25.38 2876.00
25.49 2853.00
25.59 2870.00
25.69 2882.00
25.79 2850.00
25.89 2861.00
25.99 3186.00
26.09 2801.00
26.19 2861.00
26.29 2769.00
26.39 2650.00
26.49 2645.00
26.59 2512.00
26.70 2587.00
26.80 2392.00
26.90 2325.00
27.00 2280.00
27.10 2100.00
27.20 2246.00
27.30 1969.00
27.40 1841.00
27.50 1677.00
27.60 1608.00
27.70 1537.00
27.81 1339.00
27.91 1327.00
28.01 1172.00
28.11 1092.00
28.21 1055.00
28.31 1064.00
28.41 911.00
28.51 847.00
28.61 738.00
28.71 715.00
28.81 630.00
28.91 611.00
29.02 569.00
29.12 514.00
29.22 474.00
29.32 426.00
29.42 525.00
29.52 401.00
29.62 414.00
29.72 345.00
29.82 376.00
29.92 323.00
30.02 298.00
30.13 272.00
30.23 233.00
30.33 244.00
30.43 262.00
30.53 265.00
30.63 242.00
30.73 206.00
30.83 209.00
30.93 236.00
31.03 184.00
31.13 192.00
31.24 184.00
31.34 182.00
31.44 171.00
31.54 172.00
31.64 178.00
31.74 190.00
31.84 145.00
31.94 185.00
32.04 156.00
32.14 150.00
32.24 158.00
32.34 131.00
32.45 156.00
32.55 147.00
32.65 152.00
32.75 166.00
32.85 148.00
32.95 130.00
33.05 135.00
33.15 120.00
33.25 142.00
33.35 131.00
33.45 163.00
33.56 161.00
33.66 136.00
33.76 133.00
33.86 139.00
33.96 146.00
34.06 156.00
34.16 160.00
34.26 162.00
34.36 169.00
34.46 197.00
34.56 181.00
34.67 173.00
34.77 203.00
34.87 210.00
34.97 208.00
35.07 220.00
35.17 239.00
35.27 224.00
35.37 261.00
35.47 237.00
35.57 234.00
35.67 259.00
35.77 286.00
35.88 301.00
35.98 323.00
36.08 343.00
36.18 381.00
36.28 427.00
36.38 426.00
36.48 483.00
36.58 449.00
36.68 526.00
36.78 571.00
36.88 570.00
36.99 582.00
37.09 685.00
37.19 713.00
37.29 759.00
37.39 763.00
37.49 971.00
37.59 929.00
37.69 1069.00
37.79 1087.00
37.89 1197.00
37.99 1273.00
38.10 1400.00
38.20 1508.00
38.30 1535.00
38.40 1677.00
38.50 1809.00
38.60 2240.00
38.70 2052.00
38.80 2215.00
38.90 2435.00
39.00 2618.00
39.10 2747.00
39.20 2775.00
39.31 3074.00
39.41 3173.00
39.51 3302.00
39.61 3378.00
39.71 3735.00
39.81 4253.00
39.91 4193.00
40.01 4250.00
40.11 4559.00
40.21 4738.00
40.31 4919.00
40.42 4967.00
40.52 5197.00
40.62 5233.00
40.72 5586.00
40.82 5654.00
40.92 6395.00
41.02 5943.00
41.12 6083.00
41.22 6277.00
41.32 6137.00
41.42 6179.00
41.52 6522.00
41.63 6452.00
41.73 6520.00
41.83 6520.00
41.93 6690.00
42.03 7531.00
42.13 6832.00
42.23 6929.00
42.33 6946.00
42.43 7004.00
42.53 6992.00
42.63 7018.00
42.74 6898.00
42.84 6978.00
42.94 6895.00
43.04 6896.00
43.14 6959.00
43.24 7837.00
43.34 7017.00
43.44 7062.00
43.54 7023.00
43.64 6993.00
43.74 7097.00
43.85 6990.00
43.95 6965.00
44.05 7267.00
44.15 7210.00
44.25 7072.00
44.35 7762.00
44.45 7259.00
44.55 7132.00
44.65 7152.00
44.75 7345.00
44.85 7142.00
44.95 7461.00
45.06 7391.00
45.16 7391.00
45.26 7343.00
45.36 7593.00
45.46 8310.00
45.56 7556.00
45.66 7774.00
45.76 7505.00
45.86 7669.00
45.96 7645.00
46.06 7763.00
46.17 7707.00
46.27 7719.00
46.37 7872.00
46.47 7745.00
46.57 7992.00
46.67 8608.00
46.77 7742.00
46.87 7775.00
46.97 7730.00
47.07 7641.00
47.17 7682.00
47.28 7711.00
47.38 7367.00
47.48 7332.00
47.58 7083.00
47.68 7025.00
47.78 7719.00
47.88 6739.00
47.98 6756.00
48.08 6477.00
48.18 6297.00
48.28 6269.00
48.38 6098.00
48.49 5949.00
48.59 5516.00
48.69 5389.00
48.79 5244.00
48.89 5465.00
48.99 4779.00
49.09 4486.00
49.19 4394.00
49.29 4032.00
49.39 3844.00
49.49 3608.00
49.60 3437.00
49.70 3248.00
49.80 2896.00
49.90 2708.00
50.00 2546.00
50.10 2663.00
50.20 2131.00
50.30 2014.00
50.40 1771.00
50.50 1601.00
50.60 1611.00
50.71 1313.00
50.81 1270.00
50.91 1064.00
51.01 960.00
51.11 850.00
51.21 903.00
51.31 678.00
51.41 598.00
51.51 562.00
51.61 494.00
51.71 436.00
51.81 383.00
51.92 302.00
52.02 264.00
52.12 216.00
52.22 172.00
52.32 163.00
52.42 141.00
52.52 97.00
52.62 84.00
52.72 79.00
52.82 80.00
52.92 42.00
53.03 30.00
53.13 36.00
53.23 27.00
53.33 17.00
53.43 21.00
53.53 14.00
53.63  9.00
53.73 11.00
53.83  7.00
53.93  7.00
54.03  7.00
54.13  4.00
54.24  5.00
54.34  0.00
54.44  1.00
54.54  1.00
54.64  1.00
54.74  0.00
54.84  0.00
54.94  1.00
55.04  0.00
55.14  0.00
55.24  0.00
55.35  0.00
55.45  0.00
55.55  0.00
55.65  0.00
55.75  0.00
55.85  0.00
55.95  0.00
56.05  0.00
56.15  0.00
56.25  0.00
56.35  0.00
56.46  0.00
56.56  0.00
56.66  0.00
56.76  0.00
56.86  0.00
56.96  0.00
57.06  0.00
57.16  0.00
57.26  0.00
57.36  0.00
57.46  0.00
57.56  0.00
57.67  0.00
57.77  0.00
57.87  0.00
57.97  0.00
58.07  0.00
58.17  0.00
58.27  0.00
58.37  0.00
58.47  0.00
58.57  0.00
58.67  0.00
58.78  0.00
58.88  0.00
58.98  0.00
59.08  0.00
59.18  0.00
59.28  0.00
59.38  0.00
59.48  0.00
59.58  0.00
59.68  0.00
59.78  0.00
59.89  0.00
59.99  0.00
60.09  0.00
60.19  0.00
60.29  0.00
60.39  0.00
60.49  0.00
60.59  0.00
60.69  0.00
60.79  0.00
60.89  0.00
60.99  0.00
61.10  0.00
61.20  0.00
61.30  0.00
61.40  0.00
61.50  0.00
61.60  0.00
61.70  0.00
61.80  0.00
61.90  0.00
62.00  0.00
62.10  0.00
62.21  0.00
62.31  0.00
62.41  0.00
62.51  0.00
62.61  0.00
62.71  0.00
62.81  0.00
62.91  0.00
63.01  0.00
63.11  0.00
63.21  0.00
63.32  0.00
63.42  0.00
63.52  0.00
63.62  0.00
63.72  0.00
63.82  0.00
63.92  0.00
64.02  0.00
64.12  0.00
64.22  0.00
64.32  0.00
64.42  0.00
64.53  0.00
64.63  0.00
64.73  0.00
64.83  0.00
64.93  1.00
