 65.000000  10.000000
 52.300000 1530.000000
 51.100000 8580.000000
 51.000000 9720.000000
 52.000000 2790.000000
 51.600000 5090.000000
 49.300000 39640.000000
 50.600000 16290.000000
 48.800000 51440.000000
 48.300000 63060.000000
 48.700000 59650.000000
 48.200000 69000.000000
 47.300000 76150.000000
 47.900000 60420.000000
 48.400000 54520.000000
 46.900000 69960.000000
 46.800000 77520.000000
 45.700000 84620.000000
 44.900000 65480.000000
 43.800000 69000.000000
 43.200000 78260.000000
 43.400000 63530.000000
 44.800000 72300.000000
 44.300000 70640.000000
 44.600000 70450.000000
 44.100000 73900.000000
 44.400000 63150.000000
 42.600000 70320.000000
 45.500000 75220.000000
 46.300000 79080.000000
 45.800000 76060.000000
 47.600000 70490.000000
 49.800000 28470.000000
 47.800000 69890.000000
 46.100000 77880.000000
 46.500000 78390.000000
 44.200000 78460.000000
 44.700000 80570.000000
 46.400000 70300.000000
 46.700000 86060.000000
 49.500000 36080.000000
 47.400000 65520.000000
 45.400000 68120.000000
 45.200000 81350.000000
 48.900000 44480.000000
 48.000000 67400.000000
 43.700000 77450.000000
 42.500000 70270.000000
 42.100000 67760.000000
 41.200000 67670.000000
 41.300000 62820.000000
 41.600000 64390.000000
 40.800000 56570.000000
 39.900000 37660.000000
 40.200000 51590.000000
 41.900000 59140.000000
 41.400000 54620.000000
 43.300000 70130.000000
 43.000000 69780.000000
 39.000000 26240.000000
 38.900000 21570.000000
 40.400000 44640.000000
 41.100000 61020.000000
 44.000000 70730.000000
 45.000000 74880.000000
 42.900000 61720.000000
 40.900000 52030.000000
 41.700000 71760.000000
 42.300000 70010.000000
 43.100000 68470.000000
 41.800000 65450.000000
 41.500000 64670.000000
 40.500000 51640.000000
 39.700000 40490.000000
 41.000000 58560.000000
 42.400000 62270.000000
 43.900000 63350.000000
 49.700000 35670.000000
 49.600000 34370.000000
 47.100000 76350.000000
 48.100000 64270.000000
 47.700000 77480.000000
 47.000000 77300.000000
 44.500000 72860.000000
 38.300000 15250.000000
 38.700000 22740.000000
 36.600000 4600.000000
 36.000000 3260.000000
 34.800000 2110.000000
 29.600000 4120.000000
 29.300000 4680.000000
 26.900000 20830.000000
 26.600000 25120.000000
 27.100000 21000.000000
 26.100000 28010.000000
 25.900000 25710.000000
 25.000000 29480.000000
 23.100000 34350.000000
 23.600000 32270.000000
 23.300000 33880.000000
 22.800000 35000.000000
 22.100000 34740.000000
 21.900000 27410.000000
 22.600000 34560.000000
 24.600000 31250.000000
 23.200000 27590.000000
 24.700000 26180.000000
 21.400000 26780.000000
 23.700000 26880.000000
 26.200000 28610.000000
 24.900000 25530.000000
 26.300000 30190.000000
 23.500000 30960.000000
 23.800000 33220.000000
 22.300000 34540.000000
 20.800000 28330.000000
 20.600000 26910.000000
 21.800000 33900.000000
 21.200000 26400.000000
 22.500000 30660.000000
 22.000000 32010.000000
 24.800000 31240.000000
 26.400000 24000.000000
 27.500000 16930.000000
 26.800000 26340.000000
 27.300000 21570.000000
 25.300000 31690.000000
 24.300000 31720.000000
 27.000000 22800.000000
 25.800000 31670.000000
 23.900000 26360.000000
 22.900000 28410.000000
 24.200000 26780.000000
 26.000000 28940.000000
 24.100000 31110.000000
 25.400000 25940.000000
 25.200000 25640.000000
 22.700000 27790.000000
 21.500000 29910.000000
 21.600000 33020.000000
 21.000000 26970.000000
 20.400000 20350.000000
 19.900000 16740.000000
 25.500000 28530.000000
 20.900000 23670.000000
 20.300000 23460.000000
 25.100000 30550.000000
 24.000000 28710.000000
 26.500000 26450.000000
 25.700000 28550.000000
 22.400000 27620.000000
 25.600000 28790.000000
 28.100000 10940.000000
 27.600000 16300.000000
 24.500000 28580.000000
 20.000000 20030.000000
 19.500000 14510.000000
 19.300000 14180.000000
 17.900000 3220.000000
 19.400000 12140.000000
 21.100000 30110.000000
 21.300000 31240.000000
 27.200000 20580.000000
 29.200000 4910.000000
 29.100000 5450.000000
 27.700000 15440.000000
 26.700000 25870.000000
 29.700000 3550.000000
 21.700000 27530.000000
 28.000000 11830.000000
 29.000000 5530.000000
 31.000000 1960.000000
 28.300000 10810.000000
 27.400000 16580.000000
 28.700000 7140.000000
 31.200000 1940.000000
 28.400000 8230.000000
 31.900000 1550.000000
 34.200000 1800.000000
 35.900000 2820.000000
 36.300000 4220.000000
 39.500000 32920.000000
 38.800000 22150.000000
 40.000000 42110.000000
 40.100000 45170.000000
 42.000000 68750.000000
 42.700000 76450.000000
 42.800000 69810.000000
 43.600000 69760.000000
 42.200000 75640.000000
 39.400000 28370.000000
 39.300000 30740.000000
 38.400000 15250.000000
 37.900000 10850.000000
 36.200000 4040.000000
 37.600000 9290.000000
 33.500000 1590.000000
 36.400000 3670.000000
 37.800000 10930.000000
 38.000000 12730.000000
 40.700000 60650.000000
 49.200000 48400.000000
 47.500000 73010.000000
 45.900000 68450.000000
 46.600000 78480.000000
 40.300000 49320.000000
 46.000000 77110.000000
 49.000000 47790.000000
 48.600000 54950.000000
 47.200000 85040.000000
 48.500000 58950.000000
 45.300000 74560.000000
 49.400000 34660.000000
 50.100000 24380.000000
 50.400000 15790.000000
 50.200000 23560.000000
 50.900000 9520.000000
 45.100000 73050.000000
 43.500000 71150.000000
 46.200000 83700.000000
 49.900000 24380.000000
 50.300000 20140.000000
 50.000000 25460.000000
 50.500000 16260.000000
 50.800000 12700.000000
 40.600000 52250.000000
 38.100000 14000.000000
 45.600000 76540.000000
 52.100000 2240.000000
 49.100000 44860.000000
 50.700000 14620.000000
 39.800000 38350.000000
 39.600000 34100.000000
 39.200000 30410.000000
 37.100000 7000.000000
 37.000000 5900.000000
 37.700000 11750.000000
 38.200000 16700.000000
 38.500000 18090.000000
 52.600000 920.000000
 52.900000 580.000000
 51.500000 5640.000000
 37.500000 8760.000000
 39.100000 27530.000000
 51.700000 5000.000000
 51.300000 6210.000000
 32.000000 1740.000000
 28.900000 5650.000000
 23.000000 31520.000000
 23.400000 28040.000000
 27.800000 14770.000000
 24.400000 25530.000000
 30.300000 2680.000000
 29.400000 4220.000000
 20.500000 23150.000000
 22.200000 28370.000000
 19.700000 14820.000000
 27.900000 12020.000000
 31.700000 1730.000000
 29.500000 4340.000000
 28.500000 8540.000000
 20.700000 22960.000000
 18.800000 9310.000000
 20.200000 18450.000000
 30.400000 2410.000000
 30.600000 2270.000000
 32.800000 1380.000000
 35.700000 3020.000000
 34.000000 1380.000000
 32.200000 1660.000000
 35.500000 2340.000000
 36.800000 5550.000000
 36.700000 5960.000000
 52.200000 2000.000000
 51.200000 9220.000000
 37.300000 7470.000000
 37.400000 7220.000000
 37.200000 7850.000000
 36.900000 5190.000000
 38.600000 20180.000000
 51.800000 3530.000000
 35.600000 2480.000000
 35.100000 2030.000000
 34.600000 1930.000000
 34.900000 1770.000000
 33.300000 1380.000000
 30.100000 2810.000000
 33.800000 1210.000000
 31.500000 1930.000000
 32.900000 1230.000000
 35.200000 2510.000000
 36.100000 3570.000000
 35.800000 2700.000000
 33.200000 1310.000000
 32.400000 1270.000000
 34.700000 1930.000000
 35.000000 2330.000000
 33.000000 1320.000000
 34.100000 1490.000000
 35.400000 2300.000000
 28.800000 6940.000000
 29.800000 4110.000000
 31.300000 1950.000000
 19.800000 19950.000000
 30.700000 2120.000000
 29.900000 2950.000000
 33.700000 1550.000000
 36.500000 4830.000000
 32.700000 1920.000000
 52.400000 1260.000000
 52.500000 1040.000000
 34.300000 1620.000000
 53.100000 410.000000
 53.300000 180.000000
 53.700000 100.000000
 32.300000 1490.000000
 52.700000 900.000000
 51.400000 6150.000000
 32.100000 1470.000000
 28.200000 10610.000000
 17.300000 1810.000000
 18.000000 3770.000000
 19.200000 10280.000000
 18.200000 3780.000000
 20.100000 22560.000000
 18.100000 4690.000000
 19.600000 17000.000000
 19.000000 9680.000000
 18.600000 7290.000000
 17.400000 1510.000000
 17.100000 1220.000000
 16.000000 220.000000
 17.800000 3550.000000
 17.700000 2420.000000
 17.500000 2200.000000
 19.100000 11870.000000
 18.500000 6480.000000
 18.700000 6720.000000
 33.600000 1590.000000
 30.200000 2370.000000
 18.900000 8550.000000
 16.800000 730.000000
 18.300000 5690.000000
 17.600000 2570.000000
 17.200000 1330.000000
 30.000000 3050.000000
 18.400000 5690.000000
 28.600000 7770.000000
 30.900000 2270.000000
 35.300000 2250.000000
 32.600000 1360.000000
 33.100000 1320.000000
 31.400000 1450.000000
 30.500000 2700.000000
 31.100000 1840.000000
 34.500000 1860.000000
 33.400000 1340.000000
 52.800000 690.000000
 53.500000 150.000000
 30.800000 2110.000000
 31.600000 1650.000000
 31.800000 1750.000000
 32.500000 1560.000000
 53.200000 330.000000
 16.700000 440.000000
 16.100000 230.000000
 15.500000  50.000000
 34.400000 1580.000000
 51.900000 2960.000000
 33.900000 1400.000000
 16.500000 340.000000
 54.000000  60.000000
 15.700000 130.000000
 53.600000 130.000000
 16.300000 330.000000
 15.300000  50.000000
 16.400000 360.000000
 15.800000  40.000000
 17.000000 920.000000
 16.900000 730.000000
 15.900000 200.000000
 16.600000 470.000000
 16.200000 190.000000
 15.600000  60.000000
 54.100000  70.000000
 53.000000 260.000000
 53.800000  80.000000
 53.400000 180.000000
 54.600000  10.000000
 54.500000  20.000000
 14.900000  10.000000
 54.300000  10.000000
 15.100000  10.000000
 15.200000  20.000000
 14.600000  10.000000
 15.400000  50.000000
 15.000000  10.000000
 14.700000  10.000000
 54.200000  40.000000
 53.900000  60.000000
 55.000000  10.000000
 14.500000  10.000000
