14.5900 0.0000
15.5988 0.0000
16.6076 0.0000
17.6164 0.0000
18.6252 0.0000
19.6340 0.0000
20.6428 0.0000
21.6516 0.0000
22.6604 0.0000
23.6692 0.0000
24.6780 0.0000
25.6868 0.0000
26.6956 0.0000
27.7044 0.0000
28.7132 0.0000
29.7220 0.0000
30.7308 0.0266
31.7396 0.0325
32.7484 0.0356
33.7572 0.0316
34.7660 0.0222
35.7748 0.0129
36.7836 0.0067
37.7924 0.0000
38.8012 0.0000
39.8100 0.0000
40.8188 0.0000
41.8276 0.0000
42.8364 0.0000
43.8452 0.0000
44.8540 0.0000
45.8628 0.0000
46.8716 0.0000
47.8804 0.0000
48.8892 0.0000
49.8980 0.0000
50.9068 0.0000
51.9156 0.0000
52.9244 0.0000
53.9332 0.0000
54.9420 0.0000
55.9508 0.0000
56.9596 0.0000
57.9684 0.0000
58.9772 0.0000
59.9860 0.0000
60.9948 0.0000
62.0036 0.0000
63.0124 0.0000
64.0212 0.0000
65.0300 0.0000
