14.8400000 0.0000000
15.3400000 0.0000000
15.8400000 0.0000000
16.3400000 0.0000000
16.8400000 0.0000000
17.3400000 0.0000000
17.8400000 0.0000000
18.3400000 0.0000000
18.8400000 0.0000000
19.3400000 0.0000000
19.8400000 0.0000000
20.3400000 0.0000000
20.8400000 0.0000000
21.3400000 0.0000000
21.8400000 0.0000000
22.3400000 0.0000000
22.8400000 0.0000000
23.3400000 0.0000000
23.8400000 0.0000000
24.3400000 0.0000000
24.8400000 0.0001391
25.3400000 0.0002815
25.8400000 0.0009059
26.3400000 0.0021106
26.8400000 0.0040306
27.3400000 0.0052421
27.8400000 0.0080486
28.3400000 0.0155461
28.8400000 0.0235081
29.3400000 0.0412458
29.8400000 0.0864473
30.3400000 0.1718028
30.8400000 0.2435185
31.3400000 0.3304158
31.8400000 0.3763314
32.3400000 0.4686248
32.8400000 0.5041783
33.3400000 0.4921090
33.8400000 0.4825175
34.3400000 0.4186893
34.8400000 0.3646354
35.3400000 0.3249348
35.8400000 0.2283907
36.3400000 0.1621220
36.8400000 0.1067457
37.3400000 0.0355544
37.8400000 0.0225005
38.3400000 0.0125428
38.8400000 0.0070618
39.3400000 0.0035551
39.8400000 0.0014071
40.3400000 0.0007866
40.8400000 0.0000717
41.3400000 0.0001288
41.8400000 0.0000000
42.3400000 0.0000000
42.8400000 0.0000000
43.3400000 0.0000000
43.8400000 0.0000000
44.3400000 0.0000000
44.8400000 0.0000000
45.3400000 0.0000000
45.8400000 0.0000000
46.3400000 0.0000000
46.8400000 0.0000000
47.3400000 0.0000000
47.8400000 0.0000000
48.3400000 0.0000000
48.8400000 0.0000000
49.3400000 0.0000000
49.8400000 0.0000000
50.3400000 0.0000000
50.8400000 0.0000000
51.3400000 0.0000000
51.8400000 0.0000000
52.3400000 0.0000000
52.8400000 0.0000000
53.3400000 0.0000000
53.8400000 0.0000000
54.3400000 0.0000000
54.8400000 0.0000000
55.3400000 0.0000000
55.8400000 0.0000000
56.3400000 0.0000000
56.8400000 0.0000000
57.3400000 0.0000000
57.8400000 0.0000000
58.3400000 0.0000000
58.8400000 0.0000000
59.3400000 0.0000000
59.8400000 0.0000000
60.3400000 0.0000000
60.8400000 0.0000000
61.3400000 0.0000000
61.8400000 0.0000000
62.3400000 0.0000000
62.8400000 0.0000000
63.3400000 0.0000000
63.8400000 0.0000000
64.3400000 0.0000000
64.8400000 0.0000000
