14.59, 0.0000
14.66, 0.0000
14.71, 0.0000
14.92, 0.0000
15.02, 0.0000
15.17, 0.0000
15.27, 0.0000
15.28, 0.0000
15.34, 0.0000
15.35, 0.0000
15.36, 0.0000
15.39, 0.0000
15.40, 0.0000
15.41, 0.0000
15.44, 0.0000
15.47, 0.0000
15.48, 0.0000
15.51, 0.0000
15.52, 0.0000
15.53, 0.0000
15.57, 0.0000
15.61, 0.0000
15.62, 0.0000
15.68, 0.0000
15.69, 0.0000
15.70, 0.0000
15.71, 0.0000
15.72, 0.0000
15.73, 0.0000
15.74, 0.0000
15.75, 0.0000
15.77, 0.0000
15.78, 0.0000
15.83, 0.0000
15.84, 0.0000
15.86, 0.0000
15.90, 0.0000
15.92, 0.0000
15.93, 0.0000
15.94, 0.0000
15.96, 0.0000
15.97, 0.0000
15.98, 0.0000
15.99, 0.0000
16.01, 0.0000
16.02, 0.0000
16.03, 0.0000
16.05, 0.0000
16.07, 0.0000
16.09, 0.0000
16.10, 0.0000
16.11, 0.0000
16.12, 0.0000
16.14, 0.0000
16.16, 0.0000
16.17, 0.0000
16.18, 0.0000
16.19, 0.0000
16.20, 0.0000
16.21, 0.0000
16.23, 0.0000
16.25, 0.0000
16.26, 0.0000
16.27, 0.0000
16.28, 0.0000
16.30, 0.0000
16.32, 0.0000
16.34, 0.0000
16.35, 0.0000
16.36, 0.0000
16.37, 0.0000
16.39, 0.0000
16.41, 0.0000
16.42, 0.0000
16.43, 0.0000
16.44, 0.0000
16.45, 0.0000
16.46, 0.0000
16.48, 0.0000
16.50, 0.0000
16.51, 0.0000
16.52, 0.0000
16.53, 0.0000
16.55, 0.0000
16.57, 0.0000
16.59, 0.0000
16.60, 0.0000
16.61, 0.0000
16.62, 0.0000
16.64, 0.0000
16.66, 0.0000
16.67, 0.0000
16.68, 0.0000
16.69, 0.0000
16.70, 0.0000
16.71, 0.0000
16.73, 0.0000
16.75, 0.0000
16.76, 0.0000
16.77, 0.0000
16.78, 0.0000
16.80, 0.0000
16.82, 0.0000
16.84, 0.0000
16.85, 0.0000
16.86, 0.0000
16.87, 0.0000
16.89, 0.0000
16.91, 0.0000
16.92, 0.0000
16.93, 0.0000
16.94, 0.0000
16.95, 0.0000
16.96, 0.0000
16.98, 0.0000
17.00, 0.0000
17.01, 0.0000
17.02, 0.0000
17.03, 0.0000
17.05, 0.0000
17.07, 0.0000
17.09, 0.0000
17.10, 0.0000
17.11, 0.0000
17.12, 0.0000
17.14, 0.0000
17.16, 0.0000
17.17, 0.0000
17.18, 0.0000
17.19, 0.0000
17.20, 0.0000
17.21, 0.0000
17.23, 0.0000
17.25, 0.0000
17.26, 0.0000
17.27, 0.0000
17.28, 0.0000
17.30, 0.0000
17.32, 0.0000
17.34, 0.0000
17.35, 0.0000
17.36, 0.0000
17.37, 0.0000
17.39, 0.0000
17.41, 0.0000
17.42, 0.0000
17.43, 0.0000
17.44, 0.0000
17.45, 0.0000
17.46, 0.0000
17.48, 0.0000
17.50, 0.0000
17.51, 0.0000
17.52, 0.0000
17.53, 0.0000
17.55, 0.0000
17.57, 0.0000
17.59, 0.0000
17.60, 0.0000
17.61, 0.0000
17.62, 0.0000
17.64, 0.0000
17.66, 0.0000
17.67, 0.0000
17.68, 0.0000
17.69, 0.0000
17.70, 0.0000
17.71, 0.0000
17.73, 0.0000
17.75, 0.0000
17.76, 0.0000
17.77, 0.0000
17.78, 0.0000
17.80, 0.0000
17.82, 0.0000
17.84, 0.0000
17.85, 0.0000
17.86, 0.0000
17.87, 0.0000
17.89, 0.0000
17.91, 0.0000
17.92, 0.0000
17.93, 0.0000
17.94, 0.0000
17.95, 0.0000
17.96, 0.0000
17.98, 0.0000
18.00, 0.0000
18.01, 0.0000
18.02, 0.0000
18.03, 0.0000
18.05, 0.0000
18.07, 0.0000
18.09, 0.0000
18.10, 0.0000
18.11, 0.0000
18.12, 0.0000
18.14, 0.0000
18.16, 0.0000
18.17, 0.0000
18.18, 0.0000
18.19, 0.0000
18.20, 0.0000
18.21, 0.0000
18.23, 0.0000
18.25, 0.0000
18.26, 0.0000
18.27, 0.0000
18.28, 0.0000
18.30, 0.0000
18.32, 0.0000
18.34, 0.0000
18.35, 0.0000
18.36, 0.0000
18.37, 0.0000
18.39, 0.0000
18.41, 0.0000
18.42, 0.0000
18.43, 0.0000
18.44, 0.0000
18.45, 0.0000
18.46, 0.0000
18.48, 0.0000
18.50, 0.0000
18.51, 0.0000
18.52, 0.0000
18.53, 0.0000
18.55, 0.0000
18.57, 0.0000
18.59, 0.0000
18.60, 0.0000
18.61, 0.0000
18.62, 0.0000
18.64, 0.0000
18.66, 0.0000
18.67, 0.0000
18.68, 0.0000
18.69, 0.0000
18.70, 0.0000
18.71, 0.0000
18.73, 0.0000
18.75, 0.0000
18.76, 0.0000
18.77, 0.0000
18.78, 0.0000
18.80, 0.0000
18.82, 0.0000
18.84, 0.0000
18.85, 0.0000
18.86, 0.0000
18.87, 0.0000
18.89, 0.0000
18.91, 0.0000
18.92, 0.0000
18.93, 0.0000
18.94, 0.0000
18.95, 0.0000
18.96, 0.0000
18.98, 0.0000
19.00, 0.0000
19.01, 0.0000
19.02, 0.0000
19.03, 0.0000
19.05, 0.0000
19.07, 0.0000
19.09, 0.0000
19.10, 0.0000
19.11, 0.0000
19.12, 0.0000
19.14, 0.0000
19.16, 0.0000
19.17, 0.0000
19.18, 0.0000
19.19, 0.0000
19.20, 0.0000
19.21, 0.0000
19.23, 0.0000
19.25, 0.0000
19.26, 0.0000
19.27, 0.0000
19.28, 0.0000
19.30, 0.0000
19.32, 0.0000
19.34, 0.0000
19.35, 0.0000
19.36, 0.0000
19.37, 0.0000
19.39, 0.0000
19.41, 0.0000
19.42, 0.0000
19.43, 0.0000
19.44, 0.0000
19.45, 0.0000
19.46, 0.0000
19.48, 0.0000
19.50, 0.0000
19.51, 0.0000
19.52, 0.0000
19.53, 0.0000
19.55, 0.0000
19.57, 0.0000
19.59, 0.0000
19.60, 0.0000
19.61, 0.0000
19.62, 0.0000
19.64, 0.0000
19.66, 0.0000
19.67, 0.0000
19.68, 0.0000
19.69, 0.0000
19.70, 0.0000
19.71, 0.0000
19.73, 0.0000
19.75, 0.0000
19.76, 0.0000
19.77, 0.0000
19.78, 0.0000
19.80, 0.0000
19.82, 0.0000
19.84, 0.0000
19.85, 0.0000
19.86, 0.0000
19.87, 0.0000
19.89, 0.0000
19.91, 0.0000
19.92, 0.0000
19.93, 0.0000
19.94, 0.0000
19.95, 0.0000
19.96, 0.0000
19.98, 0.0000
20.00, 0.0000
20.01, 0.0000
20.02, 0.0000
20.03, 0.0000
20.05, 0.0000
20.07, 0.0000
20.09, 0.0000
20.10, 0.0000
20.11, 0.0000
20.12, 0.0000
20.14, 0.0000
20.16, 0.0000
20.17, 0.0000
20.18, 0.0000
20.19, 0.0000
20.20, 0.0000
20.21, 0.0000
20.23, 0.0000
20.25, 0.0000
20.26, 0.0000
20.27, 0.0000
20.28, 0.0000
20.30, 0.0000
20.32, 0.0000
20.34, 0.0000
20.35, 0.0000
20.36, 0.0000
20.37, 0.0000
20.39, 0.0000
20.41, 0.0000
20.42, 0.0000
20.43, 0.0000
20.44, 0.0000
20.45, 0.0000
20.46, 0.0000
20.48, 0.0000
20.49, 0.0000
20.50, 0.0000
20.51, 0.0000
20.52, 0.0000
20.53, 0.0000
20.54, 0.0000
20.55, 0.0000
20.56, 0.0000
20.57, 0.0000
20.58, 0.0000
20.59, 0.0000
20.60, 0.0000
20.61, 0.0000
20.62, 0.0000
20.63, 0.0000
20.64, 0.0000
20.65, 0.0000
20.66, 0.0000
20.67, 0.0000
20.68, 0.0000
20.69, 0.0000
20.70, 0.0000
20.71, 0.0000
20.72, 0.0000
20.73, 0.0000
20.74, 0.0000
20.75, 0.0000
20.76, 0.0000
20.77, 0.0000
20.78, 0.0000
20.79, 0.0000
20.80, 0.0000
20.81, 0.0000
20.82, 0.0000
20.83, 0.0000
20.84, 0.0000
20.85, 0.0000
20.86, 0.0000
20.87, 0.0000
20.88, 0.0000
20.89, 0.0000
20.90, 0.0000
20.91, 0.0000
20.92, 0.0000
20.93, 0.0000
20.94, 0.0000
20.95, 0.0000
20.96, 0.0000
20.97, 0.0000
20.98, 0.0000
20.99, 0.0000
21.00, 0.0000
21.01, 0.0000
21.02, 0.0000
21.03, 0.0000
21.04, 0.0000
21.05, 0.0000
21.06, 0.0000
21.07, 0.0000
21.08, 0.0000
21.09, 0.0000
21.10, 0.0000
21.11, 0.0000
21.12, 0.0000
21.13, 0.0000
21.14, 0.0000
21.15, 0.0000
21.16, 0.0000
21.17, 0.0000
21.18, 0.0000
21.19, 0.0000
21.20, 0.0000
21.21, 0.0000
21.22, 0.0000
21.23, 0.0000
21.24, 0.0000
21.25, 0.0000
21.26, 0.0000
21.27, 0.0000
21.28, 0.0000
21.29, 0.0000
21.30, 0.0000
21.31, 0.0000
21.32, 0.0000
21.33, 0.0000
21.34, 0.0000
21.35, 0.0000
21.36, 0.0000
21.37, 0.0000
21.38, 0.0000
21.39, 0.0000
21.40, 0.0000
21.41, 0.0000
21.42, 0.0000
21.43, 0.0000
21.44, 0.0000
21.45, 0.0000
21.46, 0.0000
21.47, 0.0000
21.48, 0.0000
21.49, 0.0000
21.50, 0.0000
21.51, 0.0000
21.52, 0.0000
21.53, 0.0000
21.54, 0.0000
21.55, 0.0000
21.56, 0.0000
21.57, 0.0000
21.58, 0.0000
21.59, 0.0000
21.60, 0.0000
21.61, 0.0000
21.62, 0.0000
21.63, 0.0000
21.64, 0.0000
21.65, 0.0000
21.66, 0.0000
21.67, 0.0000
21.68, 0.0000
21.69, 0.0000
21.70, 0.0000
21.71, 0.0000
21.72, 0.0000
21.73, 0.0000
21.74, 0.0000
21.75, 0.0000
21.76, 0.0000
21.77, 0.0000
21.78, 0.0000
21.79, 0.0000
21.80, 0.0000
21.81, 0.0000
21.82, 0.0000
21.83, 0.0000
21.84, 0.0000
21.85, 0.0000
21.86, 0.0000
21.87, 0.0000
21.88, 0.0000
21.89, 0.0000
21.90, 0.0000
21.91, 0.0000
21.92, 0.0000
21.93, 0.0000
21.94, 0.0000
21.95, 0.0000
21.96, 0.0000
21.97, 0.0000
21.98, 0.0000
21.99, 0.0000
22.00, 0.0000
22.01, 0.0000
22.02, 0.0000
22.03, 0.0000
22.04, 0.0000
22.05, 0.0000
22.06, 0.0000
22.07, 0.0000
22.08, 0.0000
22.09, 0.0000
22.10, 0.0000
22.11, 0.0000
22.12, 0.0000
22.13, 0.0000
22.14, 0.0000
22.15, 0.0000
22.16, 0.0000
22.17, 0.0000
22.18, 0.0000
22.19, 0.0000
22.20, 0.0000
22.21, 0.0000
22.22, 0.0000
22.23, 0.0000
22.24, 0.0000
22.25, 0.0000
22.26, 0.0000
22.27, 0.0000
22.28, 0.0000
22.29, 0.0000
22.30, 0.0000
22.31, 0.0000
22.32, 0.0000
22.33, 0.0000
22.34, 0.0000
22.35, 0.0000
22.36, 0.0000
22.37, 0.0000
22.38, 0.0000
22.39, 0.0000
22.40, 0.0000
22.41, 0.0000
22.42, 0.0000
22.43, 0.0000
22.44, 0.0000
22.45, 0.0000
22.46, 0.0000
22.47, 0.0000
22.48, 0.0000
22.49, 0.0000
22.50, 0.0000
22.51, 0.0000
22.52, 0.0000
22.53, 0.0000
22.54, 0.0000
22.55, 0.0000
22.56, 0.0000
22.57, 0.0000
22.58, 0.0000
22.59, 0.0000
22.60, 0.0000
22.61, 0.0000
22.62, 0.0000
22.63, 0.0000
22.64, 0.0000
22.65, 0.0000
22.66, 0.0000
22.67, 0.0000
22.68, 0.0000
22.69, 0.0000
22.70, 0.0000
22.71, 0.0000
22.72, 0.0000
22.73, 0.0000
22.74, 0.0000
22.75, 0.0000
22.76, 0.0000
22.77, 0.0000
22.78, 0.0000
22.79, 0.0000
22.80, 0.0000
22.81, 0.0000
22.82, 0.0000
22.83, 0.0000
22.84, 0.0000
22.85, 0.0000
22.86, 0.0000
22.87, 0.0000
22.88, 0.0000
22.89, 0.0000
22.90, 0.0000
22.91, 0.0000
22.92, 0.0000
22.93, 0.0000
22.94, 0.0000
22.95, 0.0000
22.96, 0.0000
22.97, 0.0000
22.98, 0.0000
22.99, 0.0000
23.00, 0.0000
23.01, 0.0000
23.02, 0.0000
23.03, 0.0000
23.04, 0.0000
23.05, 0.0000
23.06, 0.0000
23.07, 0.0000
23.08, 0.0000
23.09, 0.0000
23.10, 0.0000
23.11, 0.0000
23.12, 0.0000
23.13, 0.0000
23.14, 0.0000
23.15, 0.0000
23.16, 0.0000
23.17, 0.0000
23.18, 0.0000
23.19, 0.0000
23.20, 0.0000
23.21, 0.0000
23.22, 0.0000
23.23, 0.0000
23.24, 0.0000
23.25, 0.0000
23.26, 0.0000
23.27, 0.0000
23.28, 0.0000
23.29, 0.0000
23.30, 0.0000
23.31, 0.0000
23.32, 0.0000
23.33, 0.0000
23.34, 0.0000
23.35, 0.0000
23.36, 0.0000
23.37, 0.0000
23.38, 0.0000
23.39, 0.0000
23.40, 0.0000
23.41, 0.0000
23.42, 0.0000
23.43, 0.0000
23.44, 0.0000
23.45, 0.0000
23.46, 0.0000
23.47, 0.0000
23.48, 0.0000
23.49, 0.0000
23.50, 0.0000
23.51, 0.0000
23.52, 0.0000
23.53, 0.0000
23.54, 0.0000
23.55, 0.0000
23.56, 0.0000
23.57, 0.0000
23.58, 0.0000
23.59, 0.0000
23.60, 0.0000
23.61, 0.0000
23.62, 0.0000
23.63, 0.0000
23.64, 0.0000
23.65, 0.0000
23.66, 0.0000
23.67, 0.0000
23.68, 0.0000
23.69, 0.0000
23.70, 0.0000
23.71, 0.0000
23.72, 0.0000
23.73, 0.0000
23.74, 0.0000
23.75, 0.0000
23.76, 0.0000
23.77, 0.0000
23.78, 0.0000
23.79, 0.0000
23.80, 0.0000
23.81, 0.0000
23.82, 0.0000
23.83, 0.0000
23.84, 0.0000
23.85, 0.0000
23.86, 0.0000
23.87, 0.0000
23.88, 0.0000
23.89, 0.0000
23.90, 0.0000
23.91, 0.0000
23.92, 0.0000
23.93, 0.0000
23.94, 0.0000
23.95, 0.0000
23.96, 0.0000
23.97, 0.0000
23.98, 0.0000
23.99, 0.0000
24.00, 0.0000
24.01, 0.0000
24.02, 0.0000
24.03, 0.0000
24.04, 0.0000
24.05, 0.0000
24.06, 0.0000
24.07, 0.0000
24.08, 0.0000
24.09, 0.0000
24.10, 0.0000
24.11, 0.0000
24.12, 0.0000
24.13, 0.0000
24.14, 0.0000
24.15, 0.0000
24.16, 0.0000
24.17, 0.0000
24.18, 0.0000
24.19, 0.0000
24.20, 0.0000
24.21, 0.0000
24.22, 0.0000
24.23, 0.0000
24.24, 0.0000
24.25, 0.0000
24.26, 0.0000
24.27, 0.0000
24.28, 0.0000
24.29, 0.0000
24.30, 0.0000
24.31, 0.0000
24.32, 0.0000
24.33, 0.0000
24.34, 0.0000
24.35, 0.0000
24.36, 0.0000
24.37, 0.0000
24.38, 0.0000
24.39, 0.0000
24.40, 0.0000
24.41, 0.0000
24.42, 0.0000
24.43, 0.0000
24.44, 0.0000
24.45, 0.0000
24.46, 0.0000
24.47, 0.0000
24.48, 0.0000
24.49, 0.0000
24.50, 0.0000
24.51, 0.0000
24.52, 0.0000
24.53, 0.0000
24.54, 0.0000
24.55, 0.0000
24.56, 0.0000
24.57, 0.0000
24.58, 0.0000
24.59, 0.0000
24.60, 0.0000
24.61, 0.0000
24.62, 0.0000
24.63, 0.0000
24.64, 0.0000
24.65, 0.0000
24.66, 0.0000
24.67, 0.0000
24.68, 0.0000
24.69, 0.0000
24.70, 0.0000
24.71, 0.0000
24.72, 0.0000
24.73, 0.0000
24.74, 0.0000
24.75, 0.0000
24.76, 0.0000
24.77, 0.0000
24.78, 0.0000
24.79, 0.0000
24.80, 0.0000
24.81, 0.0000
24.82, 0.0000
24.83, 0.0000
24.84, 0.0000
24.85, 0.0000
24.86, 0.0000
24.87, 0.0000
24.88, 0.0000
24.89, 0.0000
24.90, 0.0000
24.91, 0.0000
24.92, 0.0000
24.93, 0.0000
24.94, 0.0000
24.95, 0.0000
24.96, 0.0000
24.97, 0.0000
24.98, 0.0000
24.99, 0.0000
25.00, 0.0000
25.01, 0.0000
25.02, 0.0000
25.03, 0.0000
25.04, 0.0032
25.05, 0.0000
25.06, 0.0000
25.07, 0.0000
25.08, 0.0031
25.09, 0.0000
25.10, 0.0000
25.11, 0.0000
25.12, 0.0000
25.13, 0.0000
25.14, 0.0000
25.15, 0.0000
25.16, 0.0037
25.17, 0.0000
25.18, 0.0000
25.19, 0.0000
25.20, 0.0000
25.21, 0.0000
25.22, 0.0000
25.23, 0.0000
25.24, 0.0000
25.25, 0.0000
25.26, 0.0000
25.27, 0.0000
25.28, 0.0000
25.29, 0.0000
25.30, 0.0000
25.31, 0.0000
25.32, 0.0000
25.33, 0.0000
25.34, 0.0000
25.35, 0.0035
25.36, 0.0000
25.37, 0.0000
25.38, 0.0032
25.39, 0.0000
25.40, 0.0000
25.41, 0.0038
25.42, 0.0000
25.43, 0.0000
25.44, 0.0000
25.45, 0.0000
25.46, 0.0000
25.47, 0.0000
25.48, 0.0000
25.49, 0.0000
25.50, 0.0000
25.51, 0.0000
25.52, 0.0000
25.53, 0.0000
25.54, 0.0000
25.55, 0.0000
25.56, 0.0000
25.57, 0.0000
25.58, 0.0000
25.59, 0.0000
25.60, 0.0000
25.61, 0.0000
25.62, 0.0000
25.63, 0.0000
25.64, 0.0000
25.65, 0.0035
25.66, 0.0034
25.67, 0.0000
25.68, 0.0000
25.69, 0.0000
25.70, 0.0000
25.71, 0.0000
25.72, 0.0000
25.73, 0.0000
25.74, 0.0035
25.75, 0.0034
25.76, 0.0000
25.77, 0.0037
25.78, 0.0033
25.79, 0.0038
25.80, 0.0000
25.81, 0.0035
25.82, 0.0000
25.83, 0.0000
25.84, 0.0038
25.85, 0.0000
25.86, 0.0000
25.87, 0.0000
25.88, 0.0038
25.89, 0.0000
25.90, 0.0000
25.91, 0.0000
25.92, 0.0000
25.93, 0.0000
25.94, 0.0000
25.95, 0.0000
25.96, 0.0000
25.97, 0.0000
25.98, 0.0035
25.99, 0.0000
26.00, 0.0035
26.01, 0.0000
26.02, 0.0037
26.03, 0.0000
26.04, 0.0000
26.05, 0.0000
26.06, 0.0000
26.07, 0.0000
26.08, 0.0000
26.09, 0.0000
26.10, 0.0035
26.11, 0.0032
26.12, 0.0000
26.13, 0.0000
26.14, 0.0035
26.15, 0.0000
26.16, 0.0000
26.17, 0.0036
26.18, 0.0038
26.19, 0.0039
26.20, 0.0000
26.21, 0.0035
26.22, 0.0000
26.23, 0.0000
26.24, 0.0000
26.25, 0.0000
26.26, 0.0000
26.27, 0.0032
26.28, 0.0000
26.29, 0.0000
26.30, 0.0000
26.31, 0.0000
26.32, 0.0000
26.33, 0.0000
26.34, 0.0000
26.35, 0.0037
26.36, 0.0070
26.37, 0.0000
26.38, 0.0070
26.39, 0.0039
26.40, 0.0000
26.41, 0.0038
26.42, 0.0039
26.43, 0.0000
26.44, 0.0040
26.45, 0.0069
26.46, 0.0074
26.47, 0.0000
26.48, 0.0000
26.49, 0.0036
26.50, 0.0036
26.51, 0.0000
26.52, 0.0120
26.53, 0.0000
26.54, 0.0036
26.55, 0.0000
26.56, 0.0040
26.57, 0.0039
26.58, 0.0000
26.59, 0.0000
26.60, 0.0038
26.61, 0.0042
26.62, 0.0147
26.63, 0.0046
26.64, 0.0113
26.65, 0.0000
26.66, 0.0077
26.67, 0.0000
26.68, 0.0000
26.69, 0.0040
26.70, 0.0141
26.71, 0.0069
26.72, 0.0000
26.73, 0.0038
26.74, 0.0111
26.75, 0.0000
26.76, 0.0043
26.77, 0.0039
26.78, 0.0000
26.79, 0.0000
26.80, 0.0041
26.81, 0.0000
26.82, 0.0000
26.83, 0.0086
26.84, 0.0040
26.85, 0.0043
26.86, 0.0096
26.87, 0.0000
26.88, 0.0043
26.89, 0.0000
26.90, 0.0000
26.91, 0.0088
26.92, 0.0000
26.93, 0.0000
26.94, 0.0163
26.95, 0.0000
26.96, 0.0000
26.97, 0.0000
26.98, 0.0000
26.99, 0.0000
27.00, 0.0041
27.01, 0.0000
27.02, 0.0044
27.03, 0.0000
27.04, 0.0042
27.05, 0.0138
27.06, 0.0000
27.07, 0.0091
27.08, 0.0087
27.09, 0.0045
27.10, 0.0000
27.11, 0.0000
27.12, 0.0049
27.13, 0.0000
27.14, 0.0190
27.15, 0.0000
27.16, 0.0138
27.17, 0.0078
27.18, 0.0000
27.19, 0.0000
27.20, 0.0051
27.21, 0.0102
27.22, 0.0085
27.23, 0.0000
27.24, 0.0000
27.25, 0.0000
27.26, 0.0000
27.27, 0.0000
27.28, 0.0112
27.29, 0.0053
27.30, 0.0053
27.31, 0.0103
27.32, 0.0074
27.34, 0.0049
27.35, 0.0000
27.36, 0.0053
27.37, 0.0101
27.38, 0.0052
27.39, 0.0107
27.40, 0.0000
27.41, 0.0110
27.42, 0.0054
27.43, 0.0000
27.44, 0.0000
27.45, 0.0000
27.46, 0.0112
27.47, 0.0148
27.48, 0.0000
27.49, 0.0056
27.50, 0.0055
27.51, 0.0056
27.52, 0.0184
27.53, 0.0000
27.54, 0.0122
27.55, 0.0000
27.56, 0.0000
27.57, 0.0091
27.59, 0.0000
27.60, 0.0000
27.61, 0.0143
27.62, 0.0055
27.63, 0.0060
27.64, 0.0116
27.65, 0.0000
27.66, 0.0000
27.67, 0.0060
27.68, 0.0178
27.69, 0.0000
27.70, 0.0138
27.71, 0.0000
27.72, 0.0060
27.73, 0.0058
27.74, 0.0067
27.75, 0.0059
27.76, 0.0000
27.77, 0.0065
27.78, 0.0067
27.79, 0.0000
27.80, 0.0217
27.81, 0.0076
27.82, 0.0036
27.84, 0.0069
27.85, 0.0077
27.86, 0.0089
27.87, 0.0000
27.88, 0.0138
27.89, 0.0154
27.90, 0.0150
27.91, 0.0155
27.92, 0.0071
27.93, 0.0000
27.94, 0.0078
27.95, 0.0075
27.96, 0.0169
27.97, 0.0000
27.98, 0.0221
27.99, 0.0075
28.00, 0.0160
28.01, 0.0397
28.02, 0.0078
28.03, 0.0078
28.04, 0.0082
28.05, 0.0202
28.06, 0.0084
28.07, 0.0046
28.09, 0.0174
28.10, 0.0000
28.11, 0.0168
28.12, 0.0109
28.13, 0.0000
28.14, 0.0256
28.15, 0.0000
28.16, 0.0183
28.17, 0.0000
28.18, 0.0000
28.19, 0.0089
28.20, 0.0089
28.21, 0.0167
28.22, 0.0273
28.23, 0.0089
28.24, 0.0103
28.25, 0.0208
28.26, 0.0104
28.27, 0.0180
28.28, 0.0208
28.29, 0.0180
28.30, 0.0189
28.31, 0.0092
28.32, 0.0139
28.34, 0.0194
28.35, 0.0089
28.36, 0.0238
28.37, 0.0000
28.38, 0.0217
28.39, 0.0213
28.40, 0.0000
28.41, 0.0225
28.42, 0.0330
28.43, 0.0132
28.44, 0.0294
28.45, 0.0111
28.46, 0.0417
28.47, 0.0198
28.48, 0.0120
28.49, 0.0000
28.50, 0.0430
28.51, 0.0238
28.52, 0.0000
28.53, 0.0506
28.54, 0.0543
28.55, 0.0000
28.56, 0.0154
28.57, 0.0052
28.59, 0.0133
28.60, 0.0274
28.61, 0.0103
28.62, 0.0154
28.63, 0.0141
28.64, 0.0120
28.65, 0.0294
28.66, 0.0135
28.67, 0.0000
28.68, 0.0513
28.69, 0.0132
28.70, 0.0000
28.71, 0.0317
28.72, 0.0290
28.73, 0.0625
28.74, 0.0000
28.75, 0.0119
28.76, 0.0000
28.77, 0.0385
28.78, 0.0000
28.79, 0.0260
28.80, 0.0000
28.81, 0.0278
28.82, 0.0310
28.84, 0.0172
28.85, 0.0164
28.86, 0.0286
28.87, 0.0267
28.88, 0.0357
28.89, 0.0952
28.90, 0.0000
28.91, 0.0147
28.92, 0.0000
28.93, 0.0563
28.94, 0.0156
28.95, 0.0444
28.96, 0.0312
28.97, 0.0172
28.98, 0.0175
28.99, 0.0263
29.00, 0.0577
29.01, 0.0323
29.02, 0.0000
29.03, 0.0000
29.04, 0.0000
29.05, 0.0392
29.06, 0.0385
29.07, 0.0407
29.09, 0.0333
29.10, 0.0656
29.11, 0.0145
29.12, 0.0169
29.13, 0.0476
29.14, 0.0233
29.15, 0.0465
29.16, 0.0196
29.17, 0.0167
29.18, 0.0492
29.19, 0.0571
29.20, 0.0172
29.21, 0.0976
29.22, 0.0488
29.23, 0.0732
29.24, 0.0536
29.25, 0.0204
29.26, 0.0172
29.27, 0.0625
29.28, 0.0893
29.29, 0.0000
29.30, 0.0200
29.31, 0.0938
29.32, 0.0297
29.34, 0.0513
29.35, 0.0385
29.36, 0.0357
29.37, 0.0571
29.38, 0.0278
29.39, 0.0192
29.40, 0.0698
29.41, 0.0250
29.42, 0.0000
29.43, 0.0789
29.44, 0.0370
29.45, 0.0682
29.46, 0.0833
29.47, 0.0213
29.48, 0.0000
29.49, 0.0755
29.50, 0.0444
29.51, 0.0000
29.52, 0.0000
29.53, 0.0638
29.54, 0.0571
29.55, 0.0638
29.56, 0.0513
29.57, 0.0506
29.59, 0.0455
29.60, 0.0000
29.61, 0.0500
29.62, 0.1282
29.63, 0.0476
29.64, 0.0816
29.65, 0.0541
29.66, 0.0385
29.67, 0.0233
29.68, 0.0667
29.69, 0.0588
29.70, 0.0857
29.71, 0.0000
29.72, 0.0857
29.73, 0.0278
29.74, 0.1429
29.75, 0.0488
29.76, 0.0938
29.77, 0.1613
29.78, 0.0000
29.79, 0.0667
29.80, 0.0333
29.81, 0.0606
29.82, 0.0789
29.84, 0.1400
29.85, 0.0811
29.86, 0.0769
29.87, 0.0278
29.88, 0.1143
29.89, 0.1026
29.90, 0.0278
29.91, 0.1935
29.92, 0.2222
29.93, 0.1316
29.94, 0.0312
29.95, 0.0882
29.96, 0.0294
29.97, 0.0909
29.98, 0.0588
29.99, 0.0435
30.00, 0.0526
30.01, 0.1923
30.02, 0.0968
30.03, 0.2000
30.04, 0.1143
30.05, 0.2273
30.06, 0.0968
30.07, 0.2586
30.09, 0.1034
30.10, 0.1250
30.11, 0.1765
30.12, 0.1667
30.13, 0.2647
30.14, 0.1667
30.15, 0.2963
30.16, 0.1111
30.17, 0.0952
30.18, 0.3077
30.19, 0.1786
30.20, 0.1250
30.21, 0.2647
30.22, 0.1429
30.23, 0.1250
30.24, 0.1000
30.25, 0.1304
30.26, 0.1250
30.27, 0.0938
30.28, 0.1250
30.29, 0.1852
30.30, 0.0476
30.31, 0.1935
30.32, 0.1923
30.34, 0.0435
30.35, 0.1111
30.36, 0.1667
30.37, 0.2000
30.38, 0.1923
30.39, 0.1818
30.40, 0.1429
30.41, 0.2143
30.42, 0.2174
30.43, 0.1111
30.44, 0.2609
30.45, 0.2414
30.46, 0.2927
30.47, 0.0385
30.48, 0.2083
30.49, 0.1724
30.50, 0.3000
30.51, 0.1429
30.52, 0.2258
30.53, 0.2083
30.54, 0.2308
30.55, 0.1786
30.56, 0.1667
30.57, 0.0484
30.59, 0.2857
30.60, 0.1739
30.61, 0.2000
30.62, 0.2069
30.63, 0.2857
30.64, 0.2414
30.65, 0.1111
30.66, 0.1923
30.67, 0.0714
30.68, 0.3889
30.69, 0.2000
30.70, 0.2609
30.71, 0.3750
30.72, 0.3043
30.73, 0.2000
30.74, 0.2727
30.75, 0.2500
30.76, 0.3158
30.77, 0.1515
30.78, 0.0625
30.79, 0.1000
30.80, 0.2941
30.81, 0.0455
30.82, 0.2432
30.84, 0.1875
30.85, 0.4706
30.86, 0.3200
30.87, 0.2500
30.88, 0.2308
30.89, 0.2727
30.90, 0.1364
30.91, 0.2800
30.92, 0.1667
30.93, 0.2800
30.94, 0.2105
30.95, 0.3125
30.96, 0.4138
30.97, 0.2759
30.98, 0.1515
30.99, 0.2222
31.00, 0.2500
31.01, 0.0769
31.02, 0.2917
31.03, 0.2273
31.04, 0.2917
31.05, 0.4167
31.06, 0.2308
31.07, 0.4194
31.09, 0.1905
31.10, 0.3750
31.11, 0.2667
31.12, 0.2941
31.13, 0.3913
31.14, 0.3333
31.15, 0.3889
31.16, 0.2143
31.17, 0.3684
31.18, 0.2632
31.19, 0.4000
31.20, 0.2353
31.21, 0.2381
31.22, 0.3478
31.23, 0.4444
31.24, 0.2857
31.25, 0.2000
31.26, 0.2800
31.27, 0.5000
31.28, 0.2000
31.29, 0.3333
31.30, 0.0870
31.31, 0.5000
31.32, 0.3333
31.34, 0.3684
31.35, 0.3462
31.36, 0.4737
31.37, 0.4167
31.38, 0.2941
31.39, 0.3125
31.40, 0.2941
31.41, 0.3077
31.42, 0.2500
31.43, 0.3913
31.44, 0.4375
31.45, 0.3333
31.46, 0.4706
31.47, 0.4667
31.48, 0.6000
31.49, 0.3158
31.50, 0.2609
31.51, 0.3333
31.52, 0.5000
31.53, 0.3333
31.54, 0.4000
31.55, 0.3182
31.56, 0.4000
31.57, 0.1944
31.59, 0.4444
31.60, 0.3750
31.61, 0.4615
31.62, 0.3846
31.63, 0.3684
31.64, 0.2083
31.65, 0.3125
31.66, 0.2857
31.67, 0.1333
31.68, 0.2727
31.69, 0.4118
31.70, 0.4667
31.71, 0.3600
31.72, 0.3571
31.73, 0.3000
31.74, 0.5000
31.75, 0.2778
31.76, 0.2632
31.77, 0.5385
31.78, 0.3529
31.79, 0.4500
31.80, 0.4000
31.81, 0.2500
31.82, 0.4054
31.84, 0.2222
31.85, 0.4667
31.86, 0.5000
31.87, 0.4615
31.88, 0.4615
31.89, 0.2222
31.90, 0.2500
31.91, 0.7200
31.92, 0.2308
31.93, 0.5833
31.94, 0.3636
31.95, 0.4000
31.96, 0.5500
31.97, 0.3125
31.98, 0.3529
31.99, 0.4231
32.00, 0.2353
32.02, 0.2609
32.03, 0.3077
32.04, 0.3243
32.06, 0.6667
32.07, 0.4865
32.09, 0.6000
32.10, 0.4615
32.11, 0.4828
32.13, 0.3125
32.14, 0.6000
32.15, 0.4231
32.17, 0.3636
32.18, 0.4324
32.20, 0.4000
32.21, 0.3529
32.22, 0.4815
32.24, 0.5882
32.25, 0.4333
32.27, 0.3846
32.28, 0.3889
32.29, 0.3103
32.31, 0.8000
32.32, 0.5854
32.34, 0.5294
32.35, 0.8000
32.36, 0.6071
32.38, 0.3846
32.39, 0.4737
32.40, 0.5417
32.42, 0.5714
32.43, 0.3929
32.45, 0.4762
32.46, 0.5000
32.47, 0.3548
32.49, 0.5333
32.50, 0.3871
32.52, 0.2857
32.53, 0.3158
32.54, 0.6000
32.56, 0.5000
32.57, 0.5135
32.59, 0.2727
32.60, 0.2222
32.61, 0.3793
32.63, 0.4545
32.64, 0.4762
32.65, 0.6154
32.67, 0.5625
32.68, 0.3750
32.70, 0.4667
32.71, 0.5294
32.72, 0.3548
32.74, 0.6522
32.75, 0.5952
32.77, 0.5294
32.78, 0.6000
32.79, 0.5312
32.81, 0.4706
32.82, 0.5588
32.84, 0.4444
32.85, 0.5000
32.86, 0.6842
32.88, 0.5652
32.89, 0.3077
32.90, 0.4074
32.92, 0.4000
32.93, 0.5667
32.95, 0.6923
32.96, 0.5000
32.97, 0.5000
32.99, 0.5333
33.00, 0.6667
33.02, 0.5714
33.03, 0.4545
33.04, 0.4737
33.06, 0.6154
33.07, 0.2857
33.09, 0.4286
33.10, 0.5625
33.11, 0.3913
33.13, 0.5455
33.14, 0.7143
33.15, 0.6061
33.17, 0.5000
33.18, 0.5217
33.20, 0.3333
33.21, 0.4286
33.22, 0.3913
33.24, 0.5333
33.25, 0.5185
33.27, 0.4545
33.28, 0.4000
33.29, 0.3333
33.31, 0.6875
33.32, 0.5294
33.34, 0.4615
33.35, 0.5625
33.36, 0.5000
33.38, 0.4667
33.39, 0.1818
33.40, 0.4444
33.42, 0.4000
33.43, 0.6786
33.45, 0.5625
33.46, 0.1538
33.47, 0.3929
33.49, 0.5238
33.50, 0.4474
33.52, 0.4545
33.53, 0.4615
33.54, 0.6410
33.56, 0.4444
33.57, 0.5172
33.59, 0.5455
33.60, 0.4400
33.61, 0.4643
33.63, 0.4000
33.64, 0.3158
33.65, 0.4643
33.67, 0.2727
33.68, 0.4643
33.70, 0.5000
33.71, 0.4615
33.72, 0.5769
33.74, 0.5000
33.75, 0.3929
33.77, 0.4667
33.78, 0.6667
33.79, 0.4688
33.81, 0.4167
33.82, 0.4839
33.84, 0.3333
33.85, 0.8889
33.86, 0.5455
33.88, 0.4667
33.89, 0.6250
33.90, 0.4231
33.92, 0.4615
33.93, 0.3548
33.95, 0.5625
33.96, 0.3333
33.97, 0.4483
33.99, 0.6471
34.00, 0.3810
34.02, 0.4118
34.03, 0.5000
34.04, 0.6000
34.06, 0.6842
34.07, 0.5714
34.09, 0.7778
34.10, 0.4737
34.11, 0.4000
34.13, 0.4000
34.14, 0.6154
34.15, 0.3929
34.17, 0.5000
34.18, 0.4651
34.20, 0.4737
34.21, 0.3571
34.22, 0.5172
34.24, 0.5000
34.25, 0.3243
34.27, 0.4444
34.28, 0.2222
34.29, 0.3810
34.31, 0.6250
34.32, 0.4483
34.34, 0.4286
34.35, 0.4615
34.36, 0.3947
34.38, 0.3636
34.39, 0.5000
34.40, 0.2927
34.42, 0.2353
34.43, 0.4000
34.45, 0.1765
34.46, 0.3333
34.47, 0.5000
34.49, 0.2000
34.50, 0.4359
34.52, 0.5500
34.53, 0.4375
34.54, 0.4595
34.56, 0.5556
34.57, 0.3704
34.59, 0.3000
34.60, 0.3889
34.61, 0.3871
34.63, 0.4500
34.64, 0.2381
34.65, 0.4091
34.67, 0.2000
34.68, 0.4545
34.70, 0.4444
34.71, 0.4118
34.72, 0.2286
34.74, 0.5000
34.75, 0.2692
34.77, 0.2857
34.78, 0.3600
34.79, 0.2750
34.81, 0.5000
34.82, 0.2653
34.84, 0.4737
34.85, 0.5714
34.86, 0.3191
34.88, 0.3333
34.89, 0.4286
34.90, 0.3714
34.92, 0.5882
34.93, 0.3800
34.95, 0.3462
34.96, 0.4615
34.97, 0.4000
34.99, 0.4737
35.00, 0.2000
35.02, 0.3704
35.03, 0.3333
35.04, 0.4186
35.06, 0.4737
35.07, 0.3585
35.09, 0.3846
35.10, 0.5500
35.11, 0.3922
35.13, 0.4667
35.14, 0.3750
35.15, 0.2308
35.17, 0.5882
35.18, 0.3333
35.20, 0.3333
35.21, 0.4400
35.22, 0.3333
35.24, 0.5455
35.25, 0.3333
35.27, 0.2800
35.28, 0.4583
35.29, 0.3000
35.31, 0.3684
35.32, 0.4286
35.34, 0.2000
35.35, 0.1923
35.36, 0.3023
35.38, 0.4286
35.39, 0.3158
35.40, 0.2581
35.42, 0.2632
35.43, 0.2222
35.45, 0.3636
35.46, 0.3462
35.47, 0.3448
35.49, 0.2353
35.50, 0.1702
35.52, 0.2400
35.53, 0.1786
35.54, 0.3265
35.56, 0.2500
35.57, 0.3488
35.59, 0.2222
35.60, 0.1579
35.61, 0.3269
35.63, 0.1786
35.64, 0.1739
35.65, 0.3023
35.67, 0.3214
35.68, 0.3273
35.70, 0.2083
35.71, 0.3929
35.72, 0.2381
35.74, 0.2105
35.75, 0.1961
35.77, 0.2750
35.78, 0.2750
35.79, 0.1897
35.81, 0.2000
35.82, 0.2093
35.84, 0.1538
35.85, 0.4815
35.86, 0.1579
35.88, 0.2692
35.89, 0.1818
35.90, 0.1852
35.92, 0.2188
35.93, 0.1333
35.95, 0.2162
35.96, 0.2143
35.97, 0.1618
35.99, 0.1923
36.00, 0.2353
36.02, 0.2000
36.03, 0.1786
36.04, 0.2698
36.06, 0.3000
36.07, 0.1892
36.09, 0.3913
36.10, 0.2353
36.11, 0.1404
36.13, 0.1379
36.14, 0.1905
36.15, 0.1351
36.17, 0.1463
36.18, 0.1250
36.20, 0.1053
36.21, 0.0968
36.22, 0.1143
36.24, 0.1429
36.25, 0.1786
36.27, 0.1944
36.28, 0.1351
36.29, 0.1212
36.31, 0.2121
36.32, 0.1687
36.34, 0.1905
36.35, 0.1346
36.36, 0.1184
36.38, 0.3158
36.39, 0.2174
36.40, 0.1287
36.42, 0.1087
36.43, 0.1831
36.45, 0.1579
36.46, 0.1818
36.47, 0.2250
36.49, 0.1026
36.50, 0.1429
36.52, 0.1250
36.53, 0.1373
36.54, 0.1939
36.56, 0.1667
36.57, 0.2043
36.59, 0.1795
36.60, 0.1778
36.61, 0.2000
36.63, 0.1224
36.64, 0.1316
36.65, 0.1122
36.67, 0.0556
36.68, 0.1827
36.70, 0.1509
36.71, 0.1458
36.72, 0.1089
36.74, 0.0714
36.75, 0.1101
36.77, 0.1200
36.78, 0.0959
36.79, 0.0917
36.81, 0.2619
36.82, 0.1261
36.84, 0.0600
36.85, 0.1111
36.86, 0.1121
36.88, 0.1286
36.89, 0.0909
36.90, 0.1333
36.92, 0.0364
36.93, 0.1215
36.95, 0.1148
36.96, 0.0615
36.97, 0.0902
36.99, 0.0943
37.00, 0.0833
37.02, 0.0000
37.03, 0.0545
37.04, 0.0726
37.06, 0.0625
37.07, 0.0357
37.09, 0.0328
37.10, 0.0147
37.11, 0.0565
37.13, 0.0460
37.14, 0.0448
37.15, 0.0420
37.17, 0.0000
37.18, 0.0338
37.20, 0.0494
37.21, 0.0152
37.22, 0.0511
37.24, 0.0282
37.25, 0.0000
37.27, 0.0385
37.28, 0.0278
37.29, 0.0405
37.31, 0.0323
37.32, 0.0301
37.34, 0.0789
37.35, 0.0263
37.36, 0.0139
37.38, 0.0230
37.39, 0.0704
37.40, 0.0263
37.42, 0.0326
37.43, 0.0596
37.45, 0.0130
37.46, 0.0361
37.47, 0.0438
37.49, 0.0421
37.50, 0.0361
37.52, 0.0521
37.53, 0.0109
37.54, 0.0311
37.56, 0.0353
37.57, 0.0440
37.59, 0.0745
37.60, 0.0130
37.61, 0.0290
37.63, 0.0096
37.64, 0.0130
37.65, 0.0097
37.67, 0.0217
37.68, 0.0120
37.70, 0.0288
37.71, 0.0196
37.72, 0.0300
37.74, 0.0291
37.75, 0.0537
37.77, 0.0259
37.78, 0.0187
37.79, 0.0098
37.81, 0.0190
37.82, 0.0227
37.84, 0.0410
37.85, 0.0000
37.86, 0.0202
37.88, 0.0000
37.89, 0.0330
37.90, 0.0404
37.92, 0.0385
37.93, 0.0132
37.95, 0.0472
37.96, 0.0172
37.97, 0.0154
37.99, 0.0288
38.00, 0.0130
38.02, 0.0083
38.03, 0.0219
38.04, 0.0040
38.06, 0.0079
38.07, 0.0299
38.09, 0.0217
38.10, 0.0288
38.11, 0.0292
38.13, 0.0075
38.14, 0.0379
38.15, 0.0192
38.17, 0.0207
38.18, 0.0113
38.20, 0.0214
38.21, 0.0194
38.22, 0.0107
38.24, 0.0200
38.25, 0.0125
38.27, 0.0000
38.28, 0.0000
38.29, 0.0064
38.31, 0.0000
38.32, 0.0143
38.34, 0.0000
38.35, 0.0000
38.36, 0.0135
38.38, 0.0054
38.39, 0.0063
38.40, 0.0193
38.42, 0.0127
38.43, 0.0208
38.45, 0.0000
38.46, 0.0220
38.47, 0.0029
38.49, 0.0244
38.50, 0.0058
38.52, 0.0057
38.53, 0.0156
38.54, 0.0102
38.56, 0.0061
38.57, 0.0082
38.59, 0.0000
38.60, 0.0051
38.61, 0.0054
38.63, 0.0108
38.64, 0.0052
38.65, 0.0023
38.67, 0.0043
38.68, 0.0025
38.70, 0.0090
38.71, 0.0049
38.72, 0.0104
38.74, 0.0094
38.75, 0.0024
38.77, 0.0155
38.78, 0.0086
38.79, 0.0096
38.81, 0.0044
38.82, 0.0068
38.84, 0.0043
38.85, 0.0177
38.86, 0.0046
38.88, 0.0133
38.89, 0.0214
38.90, 0.0060
38.92, 0.0175
38.93, 0.0065
38.95, 0.0088
38.96, 0.0042
38.97, 0.0080
38.99, 0.0163
39.00, 0.0039
39.02, 0.0038
39.03, 0.0074
39.04, 0.0058
39.06, 0.0078
39.07, 0.0038
39.09, 0.0000
39.10, 0.0037
39.11, 0.0059
39.13, 0.0105
39.14, 0.0067
39.15, 0.0073
39.17, 0.0034
39.18, 0.0055
39.20, 0.0038
39.21, 0.0035
39.22, 0.0034
39.24, 0.0071
39.25, 0.0000
39.27, 0.0034
39.28, 0.0040
39.29, 0.0039
39.31, 0.0032
39.32, 0.0035
39.34, 0.0000
39.35, 0.0000
39.36, 0.0033
39.38, 0.0000
39.39, 0.0066
39.40, 0.0048
39.42, 0.0000
39.43, 0.0082
39.45, 0.0032
39.46, 0.0031
39.47, 0.0045
39.49, 0.0000
39.50, 0.0061
39.52, 0.0000
39.53, 0.0000
39.54, 0.0017
39.56, 0.0000
39.57, 0.0015
39.59, 0.0000
39.60, 0.0000
39.61, 0.0000
39.63, 0.0032
39.64, 0.0030
39.65, 0.0014
39.67, 0.0000
39.68, 0.0014
39.70, 0.0064
39.71, 0.0050
39.72, 0.0014
39.74, 0.0000
39.75, 0.0057
39.77, 0.0000
39.78, 0.0000
39.79, 0.0013
39.81, 0.0000
39.82, 0.0027
39.84, 0.0000
39.85, 0.0026
39.86, 0.0012
39.88, 0.0000
39.89, 0.0000
39.90, 0.0000
39.92, 0.0000
39.93, 0.0036
39.95, 0.0000
39.96, 0.0051
39.97, 0.0012
39.99, 0.0000
40.00, 0.0024
40.02, 0.0000
40.03, 0.0023
40.04, 0.0000
40.06, 0.0000
40.07, 0.0000
40.09, 0.0022
40.10, 0.0000
40.11, 0.0023
40.13, 0.0023
40.14, 0.0023
40.15, 0.0022
40.17, 0.0041
40.18, 0.0000
40.20, 0.0044
40.21, 0.0000
40.22, 0.0000
40.24, 0.0000
40.25, 0.0000
40.27, 0.0000
40.28, 0.0022
40.29, 0.0000
40.31, 0.0000
40.32, 0.0011
40.34, 0.0000
40.35, 0.0000
40.36, 0.0010
40.38, 0.0021
40.39, 0.0000
40.40, 0.0000
40.42, 0.0000
40.43, 0.0000
40.45, 0.0021
40.46, 0.0020
40.47, 0.0000
40.49, 0.0022
40.50, 0.0000
40.52, 0.0020
40.53, 0.0000
40.54, 0.0000
40.56, 0.0000
40.57, 0.0000
40.59, 0.0000
40.60, 0.0000
40.61, 0.0000
40.63, 0.0000
40.64, 0.0000
40.65, 0.0000
40.67, 0.0000
40.68, 0.0000
40.70, 0.0000
40.71, 0.0000
40.72, 0.0009
40.74, 0.0000
40.75, 0.0000
40.77, 0.0000
40.78, 0.0000
40.79, 0.0000
40.81, 0.0000
40.82, 0.0000
40.84, 0.0000
40.85, 0.0017
40.86, 0.0000
40.88, 0.0000
40.89, 0.0000
40.90, 0.0000
40.92, 0.0000
40.93, 0.0000
40.95, 0.0000
40.96, 0.0000
40.97, 0.0000
40.98, 0.0000
40.99, 0.0000
41.00, 0.0000
41.01, 0.0000
41.02, 0.0000
41.03, 0.0000
41.04, 0.0000
41.05, 0.0000
41.06, 0.0000
41.07, 0.0000
41.08, 0.0000
41.09, 0.0000
41.10, 0.0000
41.11, 0.0000
41.12, 0.0000
41.13, 0.0000
41.14, 0.0000
41.15, 0.0033
41.16, 0.0000
41.17, 0.0000
41.18, 0.0000
41.19, 0.0000
41.20, 0.0000
41.21, 0.0000
41.22, 0.0000
41.23, 0.0000
41.24, 0.0000
41.25, 0.0000
41.26, 0.0000
41.27, 0.0000
41.28, 0.0000
41.29, 0.0000
41.30, 0.0000
41.31, 0.0015
41.32, 0.0000
41.33, 0.0000
41.34, 0.0000
41.35, 0.0000
41.36, 0.0000
41.37, 0.0000
41.38, 0.0000
41.39, 0.0000
41.40, 0.0000
41.41, 0.0018
41.42, 0.0000
41.43, 0.0000
41.44, 0.0000
41.45, 0.0000
41.46, 0.0000
41.47, 0.0000
41.48, 0.0000
41.49, 0.0000
41.50, 0.0000
41.51, 0.0000
41.52, 0.0000
41.53, 0.0000
41.54, 0.0000
41.55, 0.0000
41.56, 0.0000
41.57, 0.0000
41.58, 0.0000
41.59, 0.0000
41.60, 0.0000
41.61, 0.0000
41.62, 0.0000
41.63, 0.0000
41.64, 0.0000
41.65, 0.0000
41.66, 0.0000
41.67, 0.0000
41.68, 0.0000
41.69, 0.0000
41.70, 0.0000
41.71, 0.0000
41.72, 0.0000
41.73, 0.0000
41.74, 0.0000
41.75, 0.0000
41.76, 0.0000
41.77, 0.0000
41.78, 0.0000
41.79, 0.0000
41.80, 0.0000
41.81, 0.0000
41.82, 0.0000
41.83, 0.0000
41.84, 0.0000
41.85, 0.0000
41.86, 0.0000
41.87, 0.0000
41.88, 0.0000
41.89, 0.0000
41.90, 0.0000
41.91, 0.0000
41.92, 0.0000
41.93, 0.0000
41.94, 0.0000
41.95, 0.0000
41.96, 0.0000
41.97, 0.0000
41.98, 0.0000
41.99, 0.0000
42.00, 0.0000
42.01, 0.0000
42.02, 0.0000
42.03, 0.0000
42.04, 0.0000
42.05, 0.0000
42.06, 0.0000
42.07, 0.0000
42.08, 0.0000
42.09, 0.0000
42.10, 0.0000
42.11, 0.0000
42.12, 0.0000
42.13, 0.0000
42.14, 0.0000
42.15, 0.0000
42.16, 0.0000
42.17, 0.0000
42.18, 0.0000
42.19, 0.0000
42.20, 0.0000
42.21, 0.0000
42.22, 0.0000
42.23, 0.0000
42.24, 0.0000
42.25, 0.0000
42.26, 0.0000
42.27, 0.0000
42.28, 0.0000
42.29, 0.0000
42.30, 0.0000
42.31, 0.0000
42.32, 0.0000
42.33, 0.0000
42.34, 0.0000
42.35, 0.0000
42.36, 0.0000
42.37, 0.0000
42.38, 0.0000
42.39, 0.0000
42.40, 0.0000
42.41, 0.0000
42.42, 0.0000
42.43, 0.0000
42.44, 0.0000
42.45, 0.0000
42.46, 0.0000
42.47, 0.0000
42.48, 0.0000
42.49, 0.0000
42.50, 0.0000
42.51, 0.0000
42.52, 0.0000
42.53, 0.0000
42.54, 0.0000
42.55, 0.0000
42.56, 0.0000
42.57, 0.0000
42.58, 0.0000
42.59, 0.0000
42.60, 0.0000
42.61, 0.0000
42.62, 0.0000
42.63, 0.0000
42.64, 0.0000
42.65, 0.0000
42.66, 0.0000
42.67, 0.0000
42.68, 0.0000
42.69, 0.0000
42.70, 0.0000
42.71, 0.0000
42.72, 0.0000
42.73, 0.0000
42.74, 0.0000
42.75, 0.0000
42.76, 0.0000
42.77, 0.0000
42.78, 0.0000
42.79, 0.0000
42.80, 0.0000
42.81, 0.0000
42.82, 0.0000
42.83, 0.0000
42.84, 0.0000
42.85, 0.0000
42.86, 0.0000
42.87, 0.0000
42.88, 0.0000
42.89, 0.0000
42.90, 0.0000
42.91, 0.0000
42.92, 0.0000
42.93, 0.0000
42.94, 0.0000
42.95, 0.0000
42.96, 0.0000
42.97, 0.0000
42.98, 0.0000
42.99, 0.0000
43.00, 0.0000
43.01, 0.0000
43.02, 0.0000
43.03, 0.0000
43.04, 0.0000
43.05, 0.0000
43.06, 0.0000
43.07, 0.0000
43.08, 0.0000
43.09, 0.0000
43.10, 0.0000
43.11, 0.0000
43.12, 0.0000
43.13, 0.0000
43.14, 0.0000
43.15, 0.0000
43.16, 0.0000
43.17, 0.0000
43.18, 0.0000
43.19, 0.0000
43.20, 0.0000
43.21, 0.0000
43.22, 0.0000
43.23, 0.0000
43.24, 0.0000
43.25, 0.0000
43.26, 0.0000
43.27, 0.0000
43.28, 0.0000
43.29, 0.0000
43.30, 0.0000
43.31, 0.0000
43.32, 0.0000
43.33, 0.0000
43.34, 0.0000
43.35, 0.0000
43.36, 0.0000
43.37, 0.0000
43.38, 0.0000
43.39, 0.0000
43.40, 0.0000
43.41, 0.0000
43.42, 0.0000
43.43, 0.0000
43.44, 0.0000
43.45, 0.0000
43.46, 0.0000
43.47, 0.0000
43.48, 0.0000
43.49, 0.0000
43.50, 0.0000
43.51, 0.0000
43.52, 0.0000
43.53, 0.0000
43.54, 0.0000
43.55, 0.0000
43.56, 0.0000
43.57, 0.0000
43.58, 0.0000
43.59, 0.0000
43.60, 0.0000
43.61, 0.0000
43.62, 0.0000
43.63, 0.0000
43.64, 0.0000
43.65, 0.0000
43.66, 0.0000
43.67, 0.0000
43.68, 0.0000
43.69, 0.0000
43.70, 0.0000
43.71, 0.0000
43.72, 0.0000
43.73, 0.0000
43.74, 0.0000
43.75, 0.0000
43.76, 0.0000
43.77, 0.0000
43.78, 0.0000
43.79, 0.0000
43.80, 0.0000
43.81, 0.0000
43.82, 0.0000
43.83, 0.0000
43.84, 0.0000
43.85, 0.0000
43.86, 0.0000
43.87, 0.0000
43.88, 0.0000
43.89, 0.0000
43.90, 0.0000
43.91, 0.0000
43.92, 0.0000
43.93, 0.0000
43.94, 0.0000
43.95, 0.0000
43.96, 0.0000
43.97, 0.0000
43.98, 0.0000
43.99, 0.0000
44.00, 0.0000
44.01, 0.0000
44.02, 0.0000
44.03, 0.0000
44.04, 0.0000
44.05, 0.0000
44.06, 0.0000
44.07, 0.0000
44.08, 0.0000
44.09, 0.0000
44.10, 0.0000
44.11, 0.0000
44.12, 0.0000
44.13, 0.0000
44.14, 0.0000
44.15, 0.0000
44.16, 0.0000
44.17, 0.0000
44.18, 0.0000
44.19, 0.0000
44.20, 0.0000
44.21, 0.0000
44.22, 0.0000
44.23, 0.0000
44.24, 0.0000
44.25, 0.0000
44.26, 0.0000
44.27, 0.0000
44.28, 0.0000
44.29, 0.0000
44.30, 0.0000
44.31, 0.0000
44.32, 0.0000
44.33, 0.0000
44.34, 0.0000
44.35, 0.0000
44.36, 0.0000
44.37, 0.0000
44.38, 0.0000
44.39, 0.0000
44.40, 0.0000
44.41, 0.0000
44.42, 0.0000
44.43, 0.0000
44.44, 0.0000
44.45, 0.0000
44.46, 0.0000
44.47, 0.0000
44.48, 0.0000
44.49, 0.0000
44.50, 0.0000
44.51, 0.0000
44.52, 0.0000
44.53, 0.0000
44.54, 0.0000
44.55, 0.0000
44.56, 0.0000
44.57, 0.0000
44.58, 0.0000
44.59, 0.0000
44.60, 0.0000
44.61, 0.0000
44.62, 0.0000
44.63, 0.0000
44.64, 0.0000
44.65, 0.0000
44.66, 0.0000
44.67, 0.0000
44.68, 0.0000
44.69, 0.0000
44.70, 0.0000
44.71, 0.0000
44.72, 0.0000
44.73, 0.0000
44.74, 0.0000
44.75, 0.0000
44.76, 0.0000
44.77, 0.0000
44.78, 0.0000
44.79, 0.0000
44.80, 0.0000
44.81, 0.0000
44.82, 0.0000
44.83, 0.0000
44.84, 0.0000
44.85, 0.0000
44.86, 0.0000
44.87, 0.0000
44.88, 0.0000
44.89, 0.0000
44.90, 0.0000
44.91, 0.0000
44.92, 0.0000
44.93, 0.0000
44.94, 0.0000
44.95, 0.0000
44.96, 0.0000
44.97, 0.0000
44.98, 0.0000
44.99, 0.0000
45.00, 0.0000
45.01, 0.0000
45.02, 0.0000
45.03, 0.0000
45.04, 0.0000
45.05, 0.0000
45.06, 0.0000
45.07, 0.0000
45.08, 0.0000
45.09, 0.0000
45.10, 0.0000
45.11, 0.0000
45.12, 0.0000
45.13, 0.0000
45.14, 0.0000
45.15, 0.0000
45.16, 0.0000
45.17, 0.0000
45.18, 0.0000
45.19, 0.0000
45.20, 0.0000
45.21, 0.0000
45.22, 0.0000
45.23, 0.0000
45.24, 0.0000
45.25, 0.0000
45.26, 0.0000
45.27, 0.0000
45.28, 0.0000
45.29, 0.0000
45.30, 0.0000
45.31, 0.0000
45.32, 0.0000
45.33, 0.0000
45.34, 0.0000
45.35, 0.0000
45.36, 0.0000
45.37, 0.0000
45.38, 0.0000
45.39, 0.0000
45.40, 0.0000
45.41, 0.0000
45.42, 0.0000
45.43, 0.0000
45.44, 0.0000
45.45, 0.0000
45.46, 0.0000
45.47, 0.0000
45.48, 0.0000
45.49, 0.0000
45.50, 0.0000
45.51, 0.0000
45.52, 0.0000
45.53, 0.0000
45.54, 0.0000
45.55, 0.0000
45.56, 0.0000
45.57, 0.0000
45.58, 0.0000
45.59, 0.0000
45.60, 0.0000
45.61, 0.0000
45.62, 0.0000
45.63, 0.0000
45.64, 0.0000
45.65, 0.0000
45.66, 0.0000
45.67, 0.0000
45.68, 0.0000
45.69, 0.0000
45.70, 0.0000
45.71, 0.0000
45.72, 0.0000
45.73, 0.0000
45.74, 0.0000
45.75, 0.0000
45.76, 0.0000
45.77, 0.0000
45.78, 0.0000
45.79, 0.0000
45.80, 0.0000
45.81, 0.0000
45.82, 0.0000
45.83, 0.0000
45.84, 0.0000
45.85, 0.0000
45.86, 0.0000
45.87, 0.0000
45.88, 0.0000
45.89, 0.0000
45.90, 0.0000
45.91, 0.0000
45.92, 0.0000
45.93, 0.0000
45.94, 0.0000
45.95, 0.0000
45.96, 0.0000
45.97, 0.0000
45.98, 0.0000
45.99, 0.0000
46.00, 0.0000
46.01, 0.0000
46.02, 0.0000
46.03, 0.0000
46.04, 0.0000
46.05, 0.0000
46.06, 0.0000
46.07, 0.0000
46.08, 0.0000
46.09, 0.0000
46.10, 0.0000
46.11, 0.0000
46.12, 0.0000
46.13, 0.0000
46.14, 0.0000
46.15, 0.0000
46.16, 0.0000
46.17, 0.0000
46.18, 0.0000
46.19, 0.0000
46.20, 0.0000
46.21, 0.0000
46.22, 0.0000
46.23, 0.0000
46.24, 0.0000
46.25, 0.0000
46.26, 0.0000
46.27, 0.0000
46.28, 0.0000
46.29, 0.0000
46.30, 0.0000
46.31, 0.0000
46.32, 0.0000
46.33, 0.0000
46.34, 0.0000
46.35, 0.0000
46.36, 0.0000
46.37, 0.0000
46.38, 0.0000
46.39, 0.0000
46.40, 0.0000
46.41, 0.0000
46.42, 0.0000
46.43, 0.0000
46.44, 0.0000
46.45, 0.0000
46.46, 0.0000
46.47, 0.0000
46.48, 0.0000
46.49, 0.0000
46.50, 0.0000
46.51, 0.0000
46.52, 0.0000
46.53, 0.0000
46.54, 0.0000
46.55, 0.0000
46.56, 0.0000
46.57, 0.0000
46.58, 0.0000
46.59, 0.0000
46.60, 0.0000
46.61, 0.0000
46.62, 0.0000
46.63, 0.0000
46.64, 0.0000
46.65, 0.0000
46.66, 0.0000
46.67, 0.0000
46.68, 0.0000
46.69, 0.0000
46.70, 0.0000
46.71, 0.0000
46.72, 0.0000
46.73, 0.0000
46.74, 0.0000
46.75, 0.0000
46.76, 0.0000
46.77, 0.0000
46.78, 0.0000
46.79, 0.0000
46.80, 0.0000
46.81, 0.0000
46.82, 0.0000
46.83, 0.0000
46.84, 0.0000
46.85, 0.0000
46.86, 0.0000
46.87, 0.0000
46.88, 0.0000
46.89, 0.0000
46.90, 0.0000
46.91, 0.0000
46.92, 0.0000
46.93, 0.0000
46.94, 0.0000
46.95, 0.0000
46.96, 0.0000
46.97, 0.0000
46.98, 0.0000
46.99, 0.0000
47.00, 0.0000
47.01, 0.0000
47.02, 0.0000
47.03, 0.0000
47.04, 0.0000
47.05, 0.0000
47.06, 0.0000
47.07, 0.0000
47.08, 0.0000
47.09, 0.0000
47.10, 0.0000
47.11, 0.0000
47.12, 0.0000
47.13, 0.0000
47.14, 0.0000
47.15, 0.0000
47.16, 0.0000
47.17, 0.0000
47.18, 0.0000
47.19, 0.0000
47.20, 0.0000
47.21, 0.0000
47.22, 0.0000
47.23, 0.0000
47.24, 0.0000
47.25, 0.0000
47.26, 0.0000
47.27, 0.0000
47.28, 0.0000
47.29, 0.0000
47.30, 0.0000
47.31, 0.0000
47.32, 0.0000
47.33, 0.0000
47.34, 0.0000
47.35, 0.0000
47.36, 0.0000
47.37, 0.0000
47.38, 0.0000
47.39, 0.0000
47.40, 0.0000
47.41, 0.0000
47.42, 0.0000
47.43, 0.0000
47.44, 0.0000
47.45, 0.0000
47.46, 0.0000
47.47, 0.0000
47.48, 0.0000
47.49, 0.0000
47.50, 0.0000
47.51, 0.0000
47.52, 0.0000
47.53, 0.0000
47.54, 0.0000
47.55, 0.0000
47.56, 0.0000
47.57, 0.0000
47.58, 0.0000
47.59, 0.0000
47.60, 0.0000
47.61, 0.0000
47.62, 0.0000
47.63, 0.0000
47.64, 0.0000
47.65, 0.0000
47.66, 0.0000
47.67, 0.0000
47.68, 0.0000
47.69, 0.0000
47.70, 0.0000
47.71, 0.0000
47.72, 0.0000
47.73, 0.0000
47.74, 0.0000
47.75, 0.0000
47.76, 0.0000
47.77, 0.0000
47.78, 0.0000
47.79, 0.0000
47.80, 0.0000
47.81, 0.0000
47.82, 0.0000
47.83, 0.0000
47.84, 0.0000
47.85, 0.0000
47.86, 0.0000
47.87, 0.0000
47.88, 0.0000
47.89, 0.0000
47.90, 0.0000
47.91, 0.0000
47.92, 0.0000
47.93, 0.0000
47.94, 0.0000
47.95, 0.0000
47.96, 0.0000
47.97, 0.0000
47.98, 0.0000
47.99, 0.0000
48.00, 0.0000
48.01, 0.0000
48.02, 0.0000
48.03, 0.0000
48.04, 0.0000
48.05, 0.0000
48.06, 0.0000
48.07, 0.0000
48.08, 0.0000
48.09, 0.0000
48.10, 0.0000
48.11, 0.0000
48.12, 0.0000
48.13, 0.0000
48.14, 0.0000
48.15, 0.0000
48.16, 0.0000
48.17, 0.0000
48.18, 0.0000
48.19, 0.0000
48.20, 0.0000
48.21, 0.0000
48.22, 0.0000
48.23, 0.0000
48.24, 0.0000
48.25, 0.0000
48.26, 0.0000
48.27, 0.0000
48.28, 0.0000
48.29, 0.0000
48.30, 0.0000
48.31, 0.0000
48.32, 0.0000
48.33, 0.0000
48.34, 0.0000
48.35, 0.0000
48.36, 0.0000
48.37, 0.0000
48.38, 0.0000
48.39, 0.0000
48.40, 0.0000
48.41, 0.0000
48.42, 0.0000
48.43, 0.0000
48.44, 0.0000
48.45, 0.0000
48.46, 0.0000
48.47, 0.0000
48.48, 0.0000
48.49, 0.0000
48.50, 0.0000
48.51, 0.0000
48.52, 0.0000
48.53, 0.0000
48.54, 0.0000
48.55, 0.0000
48.56, 0.0000
48.57, 0.0000
48.58, 0.0000
48.59, 0.0000
48.60, 0.0000
48.61, 0.0000
48.62, 0.0000
48.63, 0.0000
48.64, 0.0000
48.65, 0.0000
48.66, 0.0000
48.67, 0.0000
48.68, 0.0000
48.69, 0.0000
48.70, 0.0000
48.71, 0.0000
48.72, 0.0000
48.73, 0.0000
48.74, 0.0000
48.75, 0.0000
48.76, 0.0000
48.77, 0.0000
48.78, 0.0000
48.79, 0.0000
48.80, 0.0000
48.81, 0.0000
48.82, 0.0000
48.83, 0.0000
48.84, 0.0000
48.85, 0.0000
48.86, 0.0000
48.87, 0.0000
48.88, 0.0000
48.89, 0.0000
48.90, 0.0000
48.91, 0.0000
48.92, 0.0000
48.93, 0.0000
48.94, 0.0000
48.95, 0.0000
48.96, 0.0000
48.97, 0.0000
48.98, 0.0000
48.99, 0.0000
49.00, 0.0000
49.01, 0.0000
49.02, 0.0000
49.03, 0.0000
49.04, 0.0000
49.05, 0.0000
49.06, 0.0000
49.07, 0.0000
49.08, 0.0000
49.09, 0.0000
49.10, 0.0000
49.11, 0.0000
49.12, 0.0000
49.13, 0.0000
49.14, 0.0000
49.15, 0.0000
49.16, 0.0000
49.17, 0.0000
49.18, 0.0000
49.19, 0.0000
49.20, 0.0000
49.21, 0.0000
49.22, 0.0000
49.23, 0.0000
49.24, 0.0000
49.25, 0.0000
49.26, 0.0000
49.27, 0.0000
49.28, 0.0000
49.29, 0.0000
49.30, 0.0000
49.31, 0.0000
49.32, 0.0000
49.33, 0.0000
49.34, 0.0000
49.35, 0.0000
49.36, 0.0000
49.37, 0.0000
49.38, 0.0000
49.39, 0.0000
49.40, 0.0000
49.41, 0.0000
49.42, 0.0000
49.43, 0.0000
49.44, 0.0000
49.45, 0.0000
49.46, 0.0000
49.47, 0.0000
49.48, 0.0000
49.49, 0.0000
49.50, 0.0000
49.51, 0.0000
49.52, 0.0000
49.53, 0.0000
49.54, 0.0000
49.55, 0.0000
49.56, 0.0000
49.57, 0.0000
49.58, 0.0000
49.59, 0.0000
49.60, 0.0000
49.61, 0.0000
49.62, 0.0000
49.63, 0.0000
49.64, 0.0000
49.65, 0.0000
49.66, 0.0000
49.67, 0.0000
49.68, 0.0000
49.69, 0.0000
49.70, 0.0000
49.71, 0.0000
49.72, 0.0000
49.73, 0.0000
49.74, 0.0000
49.75, 0.0000
49.76, 0.0000
49.77, 0.0000
49.78, 0.0000
49.79, 0.0000
49.80, 0.0000
49.81, 0.0000
49.82, 0.0000
49.83, 0.0000
49.84, 0.0000
49.85, 0.0000
49.86, 0.0000
49.87, 0.0000
49.88, 0.0000
49.89, 0.0000
49.90, 0.0000
49.91, 0.0000
49.92, 0.0000
49.93, 0.0000
49.94, 0.0000
49.95, 0.0000
49.96, 0.0000
49.97, 0.0000
49.98, 0.0000
49.99, 0.0000
50.00, 0.0000
50.01, 0.0000
50.02, 0.0000
50.03, 0.0000
50.04, 0.0000
50.05, 0.0000
50.06, 0.0000
50.07, 0.0000
50.08, 0.0000
50.09, 0.0000
50.10, 0.0000
50.11, 0.0000
50.12, 0.0000
50.13, 0.0000
50.14, 0.0000
50.15, 0.0000
50.16, 0.0000
50.17, 0.0000
50.18, 0.0000
50.19, 0.0000
50.20, 0.0000
50.21, 0.0000
50.22, 0.0000
50.23, 0.0000
50.24, 0.0000
50.25, 0.0000
50.26, 0.0000
50.27, 0.0000
50.28, 0.0000
50.29, 0.0000
50.30, 0.0000
50.31, 0.0000
50.32, 0.0000
50.33, 0.0000
50.34, 0.0000
50.35, 0.0000
50.36, 0.0000
50.37, 0.0000
50.38, 0.0000
50.39, 0.0000
50.40, 0.0000
50.41, 0.0000
50.42, 0.0000
50.43, 0.0000
50.44, 0.0000
50.45, 0.0000
50.46, 0.0000
50.47, 0.0000
50.48, 0.0000
50.49, 0.0000
50.50, 0.0000
50.51, 0.0000
50.52, 0.0000
50.53, 0.0000
50.54, 0.0000
50.55, 0.0000
50.56, 0.0000
50.57, 0.0000
50.58, 0.0000
50.59, 0.0000
50.60, 0.0000
50.61, 0.0000
50.62, 0.0000
50.63, 0.0000
50.64, 0.0000
50.65, 0.0000
50.66, 0.0000
50.67, 0.0000
50.68, 0.0000
50.69, 0.0000
50.70, 0.0000
50.71, 0.0000
50.72, 0.0000
50.73, 0.0000
50.74, 0.0000
50.75, 0.0000
50.76, 0.0000
50.77, 0.0000
50.78, 0.0000
50.79, 0.0000
50.80, 0.0000
50.81, 0.0000
50.82, 0.0000
50.83, 0.0000
50.84, 0.0000
50.85, 0.0000
50.86, 0.0000
50.87, 0.0000
50.88, 0.0000
50.89, 0.0000
50.90, 0.0000
50.91, 0.0000
50.92, 0.0000
50.93, 0.0000
50.94, 0.0000
50.95, 0.0000
50.96, 0.0000
50.97, 0.0000
50.98, 0.0000
50.99, 0.0000
51.00, 0.0000
51.01, 0.0000
51.02, 0.0000
51.03, 0.0000
51.04, 0.0000
51.05, 0.0000
51.06, 0.0000
51.07, 0.0000
51.08, 0.0000
51.09, 0.0000
51.10, 0.0000
51.11, 0.0000
51.12, 0.0000
51.13, 0.0000
51.14, 0.0000
51.15, 0.0000
51.16, 0.0000
51.17, 0.0000
51.18, 0.0000
51.19, 0.0000
51.20, 0.0000
51.21, 0.0000
51.22, 0.0000
51.23, 0.0000
51.24, 0.0000
51.25, 0.0000
51.26, 0.0000
51.27, 0.0000
51.28, 0.0000
51.29, 0.0000
51.30, 0.0000
51.31, 0.0000
51.32, 0.0000
51.33, 0.0000
51.34, 0.0000
51.35, 0.0000
51.36, 0.0000
51.37, 0.0000
51.38, 0.0000
51.39, 0.0000
51.40, 0.0000
51.41, 0.0000
51.42, 0.0000
51.43, 0.0000
51.44, 0.0000
51.45, 0.0000
51.46, 0.0000
51.47, 0.0000
51.48, 0.0000
51.49, 0.0000
51.50, 0.0000
51.51, 0.0000
51.52, 0.0000
51.53, 0.0000
51.54, 0.0000
51.55, 0.0000
51.56, 0.0000
51.57, 0.0000
51.58, 0.0000
51.59, 0.0000
51.60, 0.0000
51.61, 0.0000
51.62, 0.0000
51.63, 0.0000
51.64, 0.0000
51.65, 0.0000
51.66, 0.0000
51.67, 0.0000
51.68, 0.0000
51.69, 0.0000
51.70, 0.0000
51.71, 0.0000
51.72, 0.0000
51.73, 0.0000
51.74, 0.0000
51.75, 0.0000
51.76, 0.0000
51.77, 0.0000
51.78, 0.0000
51.79, 0.0000
51.80, 0.0000
51.81, 0.0000
51.82, 0.0000
51.83, 0.0000
51.84, 0.0000
51.85, 0.0000
51.86, 0.0000
51.87, 0.0000
51.88, 0.0000
51.89, 0.0000
51.90, 0.0000
51.91, 0.0000
51.92, 0.0000
51.93, 0.0000
51.94, 0.0000
51.95, 0.0000
51.96, 0.0000
51.97, 0.0000
51.98, 0.0000
51.99, 0.0000
52.00, 0.0000
52.01, 0.0000
52.02, 0.0000
52.03, 0.0000
52.04, 0.0000
52.05, 0.0000
52.06, 0.0000
52.07, 0.0000
52.08, 0.0000
52.09, 0.0000
52.10, 0.0000
52.11, 0.0000
52.12, 0.0000
52.13, 0.0000
52.14, 0.0000
52.15, 0.0000
52.16, 0.0000
52.17, 0.0000
52.18, 0.0000
52.19, 0.0000
52.20, 0.0000
52.21, 0.0000
52.22, 0.0000
52.23, 0.0000
52.24, 0.0000
52.25, 0.0000
52.26, 0.0000
52.27, 0.0000
52.28, 0.0000
52.29, 0.0000
52.30, 0.0000
52.31, 0.0000
52.32, 0.0000
52.33, 0.0000
52.34, 0.0000
52.35, 0.0000
52.36, 0.0000
52.37, 0.0000
52.38, 0.0000
52.39, 0.0000
52.40, 0.0000
52.41, 0.0000
52.42, 0.0000
52.43, 0.0000
52.44, 0.0000
52.45, 0.0000
52.46, 0.0000
52.47, 0.0000
52.48, 0.0000
52.49, 0.0000
52.50, 0.0000
52.51, 0.0000
52.52, 0.0000
52.53, 0.0000
52.54, 0.0000
52.55, 0.0000
52.56, 0.0000
52.57, 0.0000
52.58, 0.0000
52.59, 0.0000
52.60, 0.0000
52.61, 0.0000
52.62, 0.0000
52.63, 0.0000
52.64, 0.0000
52.65, 0.0000
52.66, 0.0000
52.67, 0.0000
52.68, 0.0000
52.69, 0.0000
52.70, 0.0000
52.71, 0.0000
52.72, 0.0000
52.73, 0.0000
52.74, 0.0000
52.75, 0.0000
52.76, 0.0000
52.77, 0.0000
52.78, 0.0000
52.79, 0.0000
52.80, 0.0000
52.81, 0.0000
52.82, 0.0000
52.83, 0.0000
52.84, 0.0000
52.85, 0.0000
52.86, 0.0000
52.87, 0.0000
52.88, 0.0000
52.89, 0.0000
52.90, 0.0000
52.91, 0.0000
52.92, 0.0000
52.93, 0.0000
52.94, 0.0000
52.95, 0.0000
52.96, 0.0000
52.97, 0.0000
52.98, 0.0000
52.99, 0.0000
53.00, 0.0000
53.01, 0.0000
53.02, 0.0000
53.03, 0.0000
53.04, 0.0000
53.06, 0.0000
53.07, 0.0000
53.08, 0.0000
53.09, 0.0000
53.10, 0.0000
53.11, 0.0000
53.12, 0.0000
53.13, 0.0000
53.14, 0.0000
53.15, 0.0000
53.16, 0.0000
53.17, 0.0000
53.18, 0.0000
53.19, 0.0000
53.20, 0.0000
53.21, 0.0000
53.22, 0.0000
53.23, 0.0000
53.25, 0.0000
53.26, 0.0000
53.27, 0.0000
53.28, 0.0000
53.29, 0.0000
53.30, 0.0000
53.31, 0.0000
53.32, 0.0000
53.33, 0.0000
53.35, 0.0000
53.36, 0.0000
53.37, 0.0000
53.38, 0.0000
53.39, 0.0000
53.40, 0.0000
53.41, 0.0000
53.42, 0.0000
53.43, 0.0000
53.44, 0.0000
53.45, 0.0000
53.47, 0.0000
53.48, 0.0000
53.49, 0.0000
53.50, 0.0000
53.51, 0.0000
53.52, 0.0000
53.53, 0.0000
53.54, 0.0000
53.55, 0.0000
53.56, 0.0000
53.57, 0.0000
53.58, 0.0000
53.60, 0.0000
53.62, 0.0000
53.63, 0.0000
53.64, 0.0000
53.66, 0.0000
53.67, 0.0000
53.68, 0.0000
53.69, 0.0000
53.72, 0.0000
53.74, 0.0000
53.76, 0.0000
53.77, 0.0000
53.78, 0.0000
53.79, 0.0000
53.80, 0.0000
53.82, 0.0000
53.83, 0.0000
53.85, 0.0000
53.86, 0.0000
53.88, 0.0000
53.89, 0.0000
53.92, 0.0000
53.94, 0.0000
53.96, 0.0000
53.97, 0.0000
53.99, 0.0000
54.01, 0.0000
54.02, 0.0000
54.05, 0.0000
54.07, 0.0000
54.08, 0.0000
54.09, 0.0000
54.12, 0.0000
54.13, 0.0000
54.14, 0.0000
54.16, 0.0000
54.18, 0.0000
54.25, 0.0000
54.26, 0.0000
54.29, 0.0000
54.30, 0.0000
54.32, 0.0000
54.50, 0.0000
54.56, 0.0000
54.69, 0.0000
55.00, 0.0000
65.03, 0.0000