14.5000000 0.0000000
15.0000000 0.0000000
15.5000000 0.0000000
16.0000000 0.0000000
16.5000000 0.0000000
17.0000000 0.0000000
17.5000000 0.0000000
18.0000000 0.0000000
18.5000000 0.0000000
19.0000000 0.0000000
19.5000000 0.0000000
20.0000000 0.0000000
20.5000000 0.0000000
21.0000000 0.0000000
21.5000000 0.0000000
22.0000000 0.0000000
22.5000000 0.0000000
23.0000000 0.0000000
23.5000000 0.0000000
24.0000000 0.0000000
24.5000000 0.0000000
25.0000000 0.0004187
25.5000000 0.0007679
26.0000000 0.0017174
26.5000000 0.0036915
27.0000000 0.0049742
27.5000000 0.0070236
28.0000000 0.0141167
28.5000000 0.0224750
29.0000000 0.0387253
29.5000000 0.0665967
30.0000000 0.1704204
30.5000000 0.2188317
31.0000000 0.3260394
31.5000000 0.3670151
32.0000000 0.4495413
32.5000000 0.4939597
33.0000000 0.4902549
33.5000000 0.4795640
34.0000000 0.4282084
34.5000000 0.3864583
35.0000000 0.3406305
35.5000000 0.2335329
36.0000000 0.1716418
36.5000000 0.1274397
37.0000000 0.0383747
37.5000000 0.0261729
38.0000000 0.0137968
38.5000000 0.0077342
39.0000000 0.0041175
39.5000000 0.0016347
40.0000000 0.0009019
40.5000000 0.0001098
41.0000000 0.0001313
41.5000000 0.0000000
42.0000000 0.0000000
42.5000000 0.0000000
43.0000000 0.0000000
43.5000000 0.0000000
44.0000000 0.0000000
44.5000000 0.0000000
45.0000000 0.0000000
45.5000000 0.0000000
46.0000000 0.0000000
46.5000000 0.0000000
47.0000000 0.0000000
47.5000000 0.0000000
48.0000000 0.0000000
48.5000000 0.0000000
49.0000000 0.0000000
49.5000000 0.0000000
50.0000000 0.0000000
50.5000000 0.0000000
51.0000000 0.0000000
51.5000000 0.0000000
52.0000000 0.0000000
52.5000000 0.0000000
53.0000000 0.0000000
53.5000000 0.0000000
54.0000000 0.0000000
54.5000000 0.0000000
55.0000000 0.0000000
65.0000000 0.0000000
