1.208049231464306246e+02
1.208892305310734088e+02
1.209836230665683416e+02
1.210890681785724752e+02
1.212065975999085481e+02
1.213373086892234909e+02
1.214823654838317708e+02
1.216429994616165260e+02
1.218205099879046429e+02
1.220162644245585994e+02
1.222316978801339218e+02
1.224683125818276750e+02
1.227276768520755326e+02
1.230114236750300023e+02
1.233212488407464349e+02
1.236589086576977650e+02
1.240262172272051941e+02
1.244250432764836205e+02
1.248573065502280457e+02
1.253249737639770416e+02
1.258300541258509497e+02
1.263745944366409191e+02
1.269606737815864221e+02
1.275903978304898203e+02
1.282658927660440042e+02
1.289892988633599202e+02
1.297627637466446515e+02
1.305884353517686804e+02
1.314684546260448315e+02
1.324049479988975691e+02
1.334000196592074587e+02
1.344557436769525793e+02
1.355741560083184822e+02
1.367572464247036237e+02
1.380069504069887216e+02
1.393251410470716962e+02
1.407136209989807583e+02
1.421741145218743441e+02
1.437082596569177042e+02
1.453176005794006187e+02
1.470035801665348458e+02
1.487675328201607101e+02
1.506106775821085648e+02
1.525341115782232464e+02
1.545388038250854663e+02
1.566255894312742498e+02
1.587951642226279887e+02
1.610480798184088940e+02
1.633847391825693478e+02
1.658053926714954400e+02
1.683101345966775568e+02
1.708989003177619281e+02
1.735714638783911141e+02
1.763274361941740835e+02
1.791662637990548888e+02
1.820872281533033004e+02
1.850894455133492045e+02
1.881718673607413166e+02
1.913332813846615181e+02
1.945723130096702960e+02
1.978874274577280516e+02
2.012769323310340326e+02
2.047389806998709503e+02
2.082715746774440788e+02
2.118725694616727537e+02
2.155396778220336103e+02
2.192704750078792131e+02
2.230624040531607761e+02
2.269127814511824113e+02
2.308188031718935918e+02
2.347775509933040041e+02
2.387859991178584380e+02
2.428410210440593460e+02
2.469393966632409274e+02
2.510778195512013440e+02
2.552529044243634075e+02
2.594611947302623207e+02
2.636991703424386060e+02
2.679632553302408837e+02
2.722498257746036643e+02
2.765552176015536929e+02
2.808757344059987417e+02
2.852076552392673534e+02
2.895472423348665529e+02
2.938907487480211103e+02
2.982344258857195882e+02
3.025745309052217635e+02
3.069073339602702504e+02
3.112291252755729261e+02
3.155362220314900696e+02
3.198249750422487523e+02
3.240917752124124718e+02
3.283330597577491403e+02
3.325453181780547425e+02
3.367250979708979912e+02
3.408690100766439741e+02
3.449737340464864701e+02
3.490360229265642147e+02
3.530527078525491902e+02
3.570207023503700157e+02
3.609370063399669561e+02
3.647987098401633830e+02
3.686029963738774313e+02
3.723471460739825147e+02
3.760285384911599635e+02
3.796446551060616343e+02
3.831930815490173359e+02
3.866715095313841744e+02
3.900777384934281713e+02
3.934096769743749178e+02
3.966653437109377478e+02
3.998428684712576455e+02
4.029404926317440072e+02
4.059565695048113980e+02
4.088895644259499136e+02
4.117380546089581230e+02
4.145007287785014114e+02
4.171763865894421315e+02
4.197639378426216581e+02
4.222624015069570191e+02
4.246709045578534756e+02
4.269886806420294079e+02
4.292150685789007980e+02
4.313495107086857274e+02
4.333915510973649816e+02
4.353408336085774408e+02
4.371970998524353718e+02
4.389601870211252503e+02
4.406300256210120665e+02
4.422066371107874261e+02
4.436901314550107713e+02
4.450807046021702718e+02
4.463786358961579026e+02
4.475842854297978306e+02
4.486980913488022225e+02
4.497205671142502297e+02
4.506522987313909994e+02
4.514939419522824551e+02
4.522462194594585299e+02
4.529099180375199012e+02
4.534858857392178493e+02
4.539750290522883347e+02
4.543783100729714874e+02
4.546967436918353656e+02
4.549313947972016194e+02
4.550833755011581729e+02
4.551538423928292900e+02
4.551439938232668965e+02
4.550550672260212082e+02
4.548883364771548941e+02
4.546451092981693591e+02
4.543267247050303013e+02
4.539345505062025836e+02
4.534699808523333218e+02
4.529344338399642425e+02
4.523293491714004517e+02
4.516561858726199716e+02
4.509164200708753469e+02
4.501115428334122726e+02
4.492430580685162909e+02
4.483124804898926641e+02
4.473213336451868827e+02
4.462711480092680176e+02
4.451634591427198302e+02
4.439998059158149886e+02
4.427817287980917627e+02
4.415107682134997162e+02
4.401884629609452873e+02
4.388163486999317229e+02
4.373959565008680102e+02
4.359288114595070169e+02
4.344164313748659083e+02
4.328603254898836212e+02
4.312619932939821297e+02
4.296229233866118307e+02
4.279445924007900999e+02
4.262284639855691921e+02
4.244759878463124210e+02
4.226885988415965585e+02
4.208677161355162184e+02
4.190147424041159070e+02
4.171310630946417746e+02
4.152180457362730976e+02
4.132770393009629970e+02
4.113093736129995932e+02
4.093163588058768596e+02
4.072992848250561337e+02
4.052594209751832750e+02
4.031980155103271386e+02
4.011162952657989536e+02
3.990154653301144663e+02
3.968967087556665660e+02
3.947611863066796332e+02
3.926100362430324253e+02
3.904443741385434237e+02
3.882652927323297263e+02
3.860738618118678005e+02
3.838711281264020272e+02
3.816581153293670354e+02
3.794358239485138711e+02
3.772052313824506768e+02
3.749672919223356757e+02
3.727229367974844649e+02
3.704730742436805713e+02
3.682185895930068114e+02
3.659603453840418865e+02
3.636991814912964855e+02
3.614359152727924993e+02
3.591713417347180552e+02
3.569062337121221162e+02
3.546413420646425152e+02
3.523773958862906284e+02
3.501151027283483472e+02
3.478551488344610902e+02
3.455981993870440760e+02
3.433448987641452277e+02
3.410958708059425817e+02
3.388517190900798255e+02
3.366130272150758742e+02
3.343803590910718526e+02
3.321542592372077820e+02
3.299352530849511709e+02
3.277238472867243786e+02
3.255205300292071229e+02
3.233257713507181279e+02
3.211400234621028176e+02
3.189637210705828352e+02
3.167972817060469879e+02
3.146411060492873162e+02
3.124955782617088857e+02
3.103610663160638978e+02
3.082379223277852702e+02
3.061264828865145091e+02
3.040270693874423387e+02
3.019399883620998253e+02
2.998655318082583676e+02
2.978039775186172164e+02
2.957555894079738437e+02
2.937206178385940234e+02
2.916992999435134379e+02
2.896918599475201290e+02
2.876985094855857028e+02
2.857194479185251907e+02
2.837548626456847956e+02
2.818049294144684609e+02
2.798698126265298924e+02
2.779496656404689361e+02
2.760446310708864530e+02
2.741548410836609833e+02
2.722804176873256665e+02
2.704214730204333250e+02
2.685781096348094366e+02
2.667504207746022757e+02
2.649384906510505857e+02
2.631423947128980672e+02
2.613621999123931232e+02
2.595979649668199158e+02
