120.80
120.89
120.98
121.09
121.21
121.34
121.48
121.64
121.82
122.02
122.23
122.47
122.73
123.01
123.32
123.66
124.03
124.43
124.86
125.32
125.83
126.37
126.96
127.59
128.27
128.99
129.76
130.59
131.47
132.40
133.40
134.46
135.57
136.76
138.01
139.33
140.71
142.17
143.71
145.32
147.00
148.77
150.61
152.53
154.54
156.63
158.80
161.05
163.38
165.81
168.31
170.90
173.57
176.33
179.17
182.09
185.09
188.17
191.33
194.57
197.89
201.28
204.74
208.27
211.87
215.54
219.27
223.06
226.91
230.82
234.78
238.79
242.84
246.94
251.08
255.25
259.46
263.70
267.96
272.25
276.56
280.88
285.21
289.55
293.89
298.23
302.57
306.91
311.23
315.54
319.82
324.09
328.33
332.55
336.73
340.87
344.97
349.04
353.05
357.02
360.94
364.80
368.60
372.35
376.03
379.64
383.19
386.67
390.08
393.41
396.67
399.84
402.94
405.96
408.89
411.74
414.50
417.18
419.76
422.26
424.67
426.99
429.22
431.35
433.39
435.34
437.20
438.96
440.63
442.21
443.69
445.08
446.38
447.58
448.70
449.72
450.65
451.49
452.25
452.91
453.49
453.98
454.38
454.70
454.93
455.08
455.15
455.14
455.06
454.89
454.65
454.33
453.93
453.47
452.93
452.33
451.66
450.92
450.11
449.24
448.31
447.32
446.27
445.16
444.00
442.78
441.51
440.19
438.82
437.40
435.93
434.42
432.86
431.26
429.62
427.94
426.23
424.48
422.69
420.87
419.01
417.13
415.22
413.28
411.31
409.32
407.30
405.26
403.20
401.12
399.02
396.90
394.76
392.61
390.44
388.27
386.07
383.87
381.66
379.44
377.21
374.97
372.72
370.47
368.22
365.96
363.70
361.44
359.17
356.91
354.64
352.38
350.12
347.86
345.60
343.34
341.10
338.85
336.61
334.38
332.15
329.94
327.72
325.52
323.33
321.14
318.96
316.80
314.64
312.50
310.36
308.24
306.13
304.03
301.94
299.87
297.80
295.76
293.72
291.70
289.69
287.70
285.72
283.75
281.80
279.87
277.95
276.04
274.15
272.28
270.42
268.58
266.75
264.94
263.14
261.36
259.60
