47.68
45.05
43.78
42.55
41.34
40.15
38.99
36.66
35.57
34.49
33.45
32.42
31.42
30.44
29.49
27.53
26.64
25.77
24.92
24.09
23.28
22.49
21.73
20.10
19.38
18.69
18.01
17.35
16.71
16.08
15.47
14.12
13.55
12.99
12.45
11.92
11.40
10.89
10.39
 9.26
 8.79
 8.32
 7.87
 7.42
 6.99
 6.55
 6.13
 5.16
 4.75
 4.34
 3.94
 3.55
 3.15
 2.76
 2.37
 1.55
 1.17
 0.80
 0.44
 0.07
-0.29
-0.65
-1.01
-1.69
-2.03
-2.36
-2.69
-3.02
-3.34
-3.65
-3.96
-4.46
-4.74
-5.01
-5.28
-5.53
-5.78
-6.02
-6.24
-6.51
-6.70
-6.87
-7.03
-7.18
-7.31
-7.43
-7.53
-7.62
-7.56
-7.60
-7.62
-7.62
-7.61
-7.57
-7.52
-7.45
-7.08
-6.95
-6.81
-6.64
-6.46
-6.26
-6.04
-5.80
-5.11
-4.82
-4.51
-4.18
-3.84
-3.48
-3.10
-2.71
-1.76
-1.33
-0.88
-0.42
 0.06
 0.54
 1.04
 1.54
 2.67
 3.20
 3.74
 4.28
 4.83
 5.39
 5.95
 6.51
 7.71
 8.27
 8.83
 9.39
 9.95
10.51
11.06
11.61
12.75
13.27
13.79
14.30
14.80
15.28
15.76
16.22
17.17
17.60
18.00
18.38
18.75
19.10
19.43
19.74
20.40
20.65
20.88
21.08
21.27
21.42
21.56
21.66
21.91
21.95
21.96
21.94
21.89
21.81
21.71
21.57
21.34
21.13
20.88
20.60
20.30
19.96
19.59
19.20
18.77
17.94
17.43
16.88
16.30
15.69
15.05
14.39
13.68
12.29
11.50
10.68
 9.83
 8.95
 8.04
 7.11
 6.13
 4.16
 3.11
 2.03
 0.91
-0.23
-1.39
-2.59
-3.82
-6.36
-7.66
-8.99
-10.35
-11.73
-13.14
-14.57
-16.04
-19.13
-20.66
-22.22
-23.80
-25.41
-27.04
-28.69
-30.37
-33.98
-35.72
-37.49
-39.28
-41.08
-42.91
-44.75
-46.62
-50.74
-52.66
-54.61
-56.58
-58.57
-60.57
-62.59
-64.63
-69.22
-71.31
-73.42
-75.55
-77.70
-79.86
-82.03
-84.23
-89.26
-91.50
-93.77
-96.04
-98.33
-100.63
-102.95
-105.29
-110.75
-113.13
-115.53
-117.94
-123.65
-126.10
-128.58
-129.39
