13.49
13.14
12.45
12.13
11.81
11.50
11.21
10.92
10.37
10.10
 9.85
 9.60
 9.37
 9.14
 8.91
 8.70
 8.29
 8.10
 7.92
 7.74
 7.57
 7.40
 7.25
 7.09
 6.81
 6.68
 6.55
 6.43
 6.32
 6.21
 6.10
 6.00
 5.82
 5.74
 5.66
 5.58
 5.51
 5.45
 5.39
 5.33
 5.23
 5.18
 5.14
 5.11
 5.07
 5.04
 5.02
 4.99
 4.96
 4.94
 4.93
 4.92
 4.91
 4.91
 4.91
 4.91
 4.92
 4.93
 4.94
 4.95
 4.96
 4.98
 5.00
 5.02
 5.06
 5.08
 5.11
 5.13
 5.16
 5.19
 5.22
 5.24
 5.31
 5.34
 5.37
 5.40
 5.44
 5.47
 5.51
 5.54
 5.61
 5.65
 5.68
 5.72
 5.75
 5.79
 5.82
 5.86
 5.89
 5.96
 6.00
 6.03
 6.06
 6.10
 6.13
 6.16
 6.19
 6.25
 6.28
 6.30
 6.33
 6.36
 6.38
 6.41
 6.43
 6.47
 6.49
 6.51
 6.53
 6.55
 6.56
 6.58
 6.59
 6.61
 6.62
 6.63
 6.64
 6.65
 6.65
 6.66
 6.66
 6.66
 6.66
 6.66
 6.65
 6.65
 6.64
 6.63
 6.62
 6.60
 6.59
 6.58
 6.56
 6.54
 6.52
 6.51
 6.49
 6.44
 6.42
 6.39
 6.37
 6.34
 6.31
 6.28
 6.25
 6.18
 6.15
 6.12
 6.08
 6.04
 6.01
 5.97
 5.93
 5.85
 5.81
 5.77
 5.72
 5.68
 5.64
 5.59
 5.55
 5.46
 5.41
 5.37
 5.32
 5.27
 5.23
 5.18
 5.14
 5.04
 5.00
 4.95
 4.91
 4.86
 4.82
 4.77
 4.73
 4.68
 4.60
 4.56
 4.52
 4.48
 4.44
 4.41
 4.37
 4.33
 4.27
 4.24
 4.21
 4.18
 4.16
 4.13
 4.11
 4.09
 4.06
 4.05
 4.04
 4.03
 4.02
 4.02
 4.02
 4.02
 4.03
 4.04
 4.06
 4.08
 4.10
 4.12
 4.15
 4.18
 4.26
 4.30
 4.35
 4.40
 4.46
 4.52
 4.59
 4.66
 4.82
 4.90
 4.99
 5.09
 5.19
 5.30
 5.41
 5.53
 5.79
 5.93
 6.07
 6.22
 6.38
 6.54
 6.71
 6.89
 7.27
 7.47
 7.68
 7.89
 8.12
 8.35
 8.59
 8.84
 9.36
 9.63
 9.92
10.21
10.51
10.82
11.14
11.48
12.17
12.53
12.90
13.28
14.08
14.49
14.92
15.36
